3190,1428,3168,1428
3184,1427,3162,1427
3179,1426,3155,1425
3172,1424,3149,1424
3166,1423,3143,1423
3160,1422,3137,1422
3154,1421,3132,1420
3147,1419,3125,1419
3141,1418,3120,1418
3136,1417,3114,1417
3130,1416,3108,1416
3125,1414,3103,1414
3118,1413,3096,1413
3112,1412,3090,1411
3106,1411,3084,1411
3101,1410,3078,1409
3094,1408,3071,1408
3087,1407,3066,1407
3078,1403,3058,1403
3074,1402,3053,1407
3072,1400,3047,1404
3064,1402,3042,1402
3058,1401,3036,1401
3053,1399,3030,1400
3047,1398,3025,1398
3040,1397,3018,1397
3035,1396,3013,1396
3028,1395,3007,1395
3023,1394,3001,1393
3018,1393,2996,1392
3011,1391,2989,1391
3005,1390,2983,1390
2999,1389,2977,1389
2993,1388,2971,1388
2987,1386,2965,1387
2981,1385,2959,1385
2975,1384,2953,1384
2970,1383,2948,1383
2963,1381,2941,1381
2957,1380,2935,1380
2952,1379,2930,1379
2946,1378,2924,1378
2940,1377,2918,1377
2934,1375,2912,1375
2929,1374,2906,1374
2923,1373,2901,1373
2916,1372,2895,1372
2911,1371,2889,1371
2905,1370,2883,1369
2899,1368,2877,1368
2894,1367,2872,1367
2888,1366,2865,1366
2882,1365,2860,1365
2875,1364,2855,1364
2870,1362,2848,1362
2864,1361,2843,1361
2858,1360,2836,1360
2853,1359,2831,1358
2848,1357,2825,1357
2841,1356,2819,1356
2835,1355,2814,1355
2830,1354,2808,1354
2824,1353,2802,1353
2818,1352,2796,1352
2812,1350,2790,1350
2806,1350,2785,1350
2800,1348,2779,1348
2795,1347,2773,1347
2789,1346,2767,1345
2783,1344,2761,1345
2778,1343,2756,1343
2772,1342,2750,1342
2766,1341,2744,1341
2760,1340,2739,1339
2754,1339,2732,1338
2748,1337,2727,1338
2743,1336,2721,1336
2737,1335,2716,1335
2732,1334,2710,1334
2726,1332,2705,1332
2719,1331,2698,1331
2714,1329,2692,1329
2709,1329,2687,1329
2703,1328,2681,1328
2697,1327,2676,1327
2692,1325,2670,1326
2686,1324,2664,1324
2680,1323,2658,1323
2675,1322,2653,1322
2669,1320,2647,1321
2663,1320,2642,1319
2658,1318,2636,1318
2652,1317,2630,1317
2646,1316,2625,1316
2640,1314,2619,1315
2634,1314,2613,1314
2629,1313,2607,1312
2624,1311,2602,1311
2617,1310,2596,1310
2611,1309,2591,1309
2606,1308,2584,1308
2601,1307,2580,1306
2595,1306,2574,1306
2590,1304,2568,1304
2583,1304,2562,1303
2578,1302,2557,1302
2573,1301,2551,1301
2567,1300,2546,1300
2561,1299,2540,1299
2556,1297,2535,1298
2548,1293,2527,1293
2542,1293,2521,1292
2542,1291,2518,1293
2534,1293,2512,1293
2528,1291,2506,1292
2522,1290,2501,1291
2517,1289,2496,1289
2511,1288,2489,1288
2505,1287,2484,1287
2500,1286,2479,1286
2494,1285,2473,1285
2489,1283,2467,1283
2483,1282,2462,1282
2478,1281,2457,1281
2472,1280,2450,1281
2466,1279,2446,1279
2461,1278,2440,1278
2456,1276,2434,1276
2450,1274,2428,1275
2445,1275,2424,1274
2439,1273,2418,1273
2433,1272,2412,1272
2428,1271,2407,1271
2423,1270,2401,1269
2417,1269,2396,1269
2411,1268,2391,1267
2406,1265,2385,1266
2401,1265,2380,1265
2395,1264,2374,1264
2389,1263,2368,1263
2384,1262,2363,1262
2379,1260,2357,1261
2373,1259,2352,1260
2367,1259,2346,1258
2363,1258,2341,1258
2357,1256,2336,1256
2351,1255,2330,1255
2346,1254,2324,1254
2341,1253,2319,1253
2334,1252,2314,1252
2330,1251,2309,1251
2324,1248,2303,1250
2319,1249,2298,1248
2314,1247,2293,1247
2307,1246,2286,1246
2302,1245,2281,1245
2297,1244,2276,1244
2292,1244,2271,1244
2287,1242,2265,1242
2281,1241,2260,1241
2275,1239,2254,1239
2270,1239,2249,1239
2265,1237,2244,1237
2259,1236,2238,1236
2254,1235,2233,1235
2248,1234,2227,1234
2244,1231,2222,1233
2238,1232,2217,1232
2232,1230,2211,1231
2227,1229,2206,1228
2222,1228,2201,1228
2217,1227,2196,1227
2211,1226,2190,1226
2205,1225,2184,1225
2200,1225,2179,1224
2195,1222,2174,1224
2190,1222,2168,1222
2184,1221,2164,1221
2179,1220,2158,1220
2173,1219,2153,1218
2169,1217,2148,1217
2164,1215,2143,1216
2158,1215,2137,1215
2152,1214,2131,1214
2147,1213,2126,1213
2142,1212,2121,1213
2137,1211,2115,1211
2131,1210,2111,1210
2126,1207,2105,1208
2121,1207,2100,1208
2116,1207,2095,1206
2111,1205,2090,1206
2105,1205,2085,1204
2100,1203,2079,1204
2094,1202,2073,1202
2089,1201,2069,1201
2084,1200,2063,1200
2078,1199,2058,1200
2073,1198,2052,1198
2068,1196,2047,1196
2063,1196,2043,1196
2058,1194,2038,1194
2053,1193,2032,1194
2048,1193,2027,1192
2042,1191,2022,1191
2037,1189,2017,1190
2032,1189,2011,1189
2027,1188,2006,1189
2021,1187,2001,1187
2016,1186,1996,1186
2011,1185,1990,1185
2005,1184,1985,1184
2000,1183,1981,1182
1996,1182,1975,1182
1990,1181,1970,1180
1986,1179,1965,1179
1980,1178,1959,1178
1976,1177,1955,1178
1970,1176,1950,1176
1965,1175,1945,1175
1960,1174,1939,1174
1954,1173,1934,1173
1949,1172,1929,1171
1944,1172,1924,1171
1939,1170,1919,1170
1934,1169,1914,1168
1930,1165,1910,1165
1923,1167,1903,1167
1918,1166,1899,1165
1913,1164,1893,1165
1909,1164,1888,1163
1903,1163,1883,1163
1898,1161,1878,1161
1894,1161,1872,1160
1888,1160,1867,1159
1884,1158,1863,1158
1878,1157,1858,1157
1873,1156,1853,1156
1868,1155,1848,1155
1863,1154,1842,1154
1859,1153,1837,1153
1853,1152,1833,1152
1848,1151,1827,1151
1843,1150,1822,1150
1837,1148,1818,1149
1833,1147,1812,1147
1828,1146,1807,1148
1823,1146,1802,1147
1817,1145,1797,1144
1812,1144,1792,1143
1807,1143,1787,1142
1802,1142,1782,1141
1797,1141,1778,1140
1793,1140,1772,1139
1788,1139,1767,1138
1783,1138,1762,1138
1777,1136,1757,1137
1772,1135,1752,1135
1768,1134,1747,1134
1762,1133,1742,1133
1757,1132,1737,1132
1752,1131,1733,1131
1748,1130,1728,1130
1743,1129,1723,1130
1738,1129,1718,1128
1733,1128,1713,1127
1728,1126,1708,1127
1724,1125,1704,1125
1719,1124,1699,1124
1714,1122,1693,1122
1709,1121,1689,1121
1703,1121,1683,1122
1698,1120,1678,1120
1694,1119,1673,1119
1690,1118,1670,1118
1685,1117,1665,1117
1678,1116,1658,1116
1673,1115,1653,1115
1668,1114,1650,1114
1665,1112,1644,1112
1659,1113,1639,1112
1654,1111,1634,1111
1649,1109,1629,1110
1644,1109,1625,1109
1640,1108,1620,1108
1635,1107,1615,1107
1630,1106,1610,1105
1625,1106,1605,1105
1620,1104,1600,1103
1615,1103,1596,1103
1611,1102,1591,1102
1606,1101,1586,1101
1601,1100,1581,1101
1597,1100,1576,1099
1591,1098,1571,1097
1586,1097,1567,1097
1582,1096,1562,1096
1577,1095,1558,1096
1572,1095,1552,1094
1567,1093,1547,1093
1563,1092,1543,1092
1558,1091,1538,1091
1553,1090,1533,1090
1548,1089,1528,1089
1543,1088,1523,1088
1538,1084,1518,1084
1537,1083,1517,1084
1532,1083,1512,1083
1527,1083,1507,1083
1522,1082,1503,1082
1518,1081,1498,1082
1513,1081,1493,1082
1508,1081,1488,1080
1503,1080,1484,1079
1499,1079,1479,1079
1494,1078,1474,1078
1489,1077,1470,1077
1485,1076,1465,1076
1481,1076,1461,1076
1472,1075,1452,1075
1467,1072,1449,1071
1463,1071,1444,1071
1459,1070,1438,1070
1454,1069,1434,1069
1449,1068,1430,1068
1444,1067,1425,1067
1440,1066,1421,1066
1435,1065,1415,1065
1430,1064,1411,1064
1426,1063,1406,1064
1421,1062,1402,1062
1416,1061,1397,1061
1412,1061,1392,1061
1407,1060,1387,1059
1403,1059,1383,1059
1398,1058,1378,1057
1393,1056,1374,1057
1389,1056,1369,1055
1384,1055,1365,1054
1379,1054,1360,1054
1375,1053,1355,1053
1370,1051,1351,1052
1367,1051,1346,1050
1361,1050,1341,1050
1356,1049,1338,1049
1352,1048,1333,1048
1348,1047,1328,1047
1343,1046,1324,1046
1338,1045,1318,1045
1334,1044,1314,1044
1329,1043,1310,1043
1324,1043,1305,1043
1321,1041,1302,1041
1,1,1,1
1,1,1,1
1,1,1,1
1,1,1,1
1,1,1,1
1,1,1876,1
1293,1036,1273,1036
1287,1035,1268,1034
1283,1034,1263,1033
1277,1033,1258,1033
1272,1033,1254,1032
1268,1032,1249,1031
1263,1029,1244,1030
1258,1029,1238,1029
1253,1027,1233,1027
1248,1027,1228,1027
1243,1025,1223,1026
1237,1025,1218,1025
1232,1024,1213,1024
1227,1023,1208,1023
1222,1022,1203,1022
1217,1021,1198,1022
1212,1020,1193,1020
1207,1019,1187,1019
1202,1018,1182,1018
1197,1017,1177,1017
1191,1017,1172,1016
1187,1014,1166,1015
1182,1014,1161,1014
1176,1013,1156,1013
1171,1012,1151,1012
1166,1011,1146,1012
1161,1010,1141,1011
1156,1009,1136,1008
1150,1008,1131,1008
1145,1007,1126,1007
1140,1007,1121,1006
1135,1005,1116,1005
1131,1004,1111,1004
1125,1003,1105,1003
1120,1002,1100,1003
1115,1001,1095,1001
1110,1000,1090,1000
1104,999,1085,999
1099,998,1080,998
1094,996,1075,997
1089,996,1069,996
1084,995,1065,995
1079,994,1060,993
1075,992,1055,992
1070,992,1049,991
1064,990,1044,990
1059,989,1040,990
1054,989,1034,988
1049,988,1029,988
1043,986,1024,986
1038,985,1019,986
1033,984,1013,984
1028,983,1008,983
1023,983,1003,982
1018,982,998,981
1012,980,993,981
1007,979,988,979
1002,978,982,978
997,977,977,977
992,977,972,976
987,975,967,975
982,975,962,974
976,973,957,973
971,972,951,972
966,972,946,972
961,970,941,970
955,969,936,969
950,968,931,969
945,967,925,967
939,966,920,967
935,965,915,965
929,964,909,964
924,963,904,963
919,962,899,962
913,961,894,961
908,960,889,960
902,959,883,959
897,958,877,958
892,957,872,957
887,956,867,956
882,955,862,954
876,953,857,954
871,953,852,953
867,952,847,952
861,951,841,950
855,950,835,950
850,949,830,949
844,947,825,948
839,947,819,947
834,946,814,946
829,945,809,945
824,944,804,944
818,943,799,942
813,941,793,942
808,941,788,941
803,940,783,940
798,939,778,939
792,937,772,937
785,939,768,938
784,938,764,938
777,934,757,934
771,933,752,933
766,932,746,932
760,931,741,931
0,0,0,0
0,0,0,0
0,0,0,0
0,0,0,0
0,0,0,0
0,0,0,0
0,0,0,0
0,0,0,0
0,0,0,0
0,0,0,0
0,0,0,0
0,0,0,0
0,0,0,0
0,0,0,0
0,0,0,0
0,0,0,0
0,0,0,0
0,0,0,0
0,0,0,0
0,0,0,0
0,0,0,0
0,0,0,0
0,0,0,0
0,0,0,0
0,0,0,0
0,0,0,0
0,0,0,0
0,0,0,0
0,0,0,0
0,0,0,0
0,0,0,0
0,0,0,0
0,0,0,0
0,0,0,0
0,0,0,0
0,0,0,0
0,0,0,0
0,0,0,0
0,0,0,0
0,0,0,0
0,0,0,0
0,0,0,0
0,0,0,0
0,0,0,0
0,0,0,0
0,0,0,0
0,0,0,0
0,0,0,0
0,0,0,0
0,0,0,0
0,0,0,0
0,0,0,0
0,0,0,0
0,0,0,0
0,0,0,0
0,0,0,0
0,0,0,0
0,0,0,0
0,0,0,0
0,0,0,0
0,0,0,0
0,0,0,0
0,0,0,0
0,0,0,0
0,0,0,0
0,0,0,0
0,0,0,0
0,0,0,0
0,0,0,0
0,0,0,0
0,0,0,0
0,0,0,0
0,0,0,0
0,0,0,0
0,0,0,0
0,0,0,0
0,0,0,0
0,0,0,0
0,0,0,0
0,0,0,0
0,0,0,0
0,0,0,0
0,0,0,0
0,0,0,0
0,0,0,0
0,0,0,0
0,0,0,0
0,0,0,0
0,0,0,0
0,0,0,0
0,0,0,0
0,0,0,0
0,0,0,0
0,0,0,0
0,0,0,0
0,0,0,0
0,0,0,0
0,0,0,0
0,0,0,0
0,0,0,0
0,0,0,0
0,0,0,0
0,0,0,0
0,0,0,0
0,0,0,0
0,0,0,0
0,0,0,0
0,0,0,0
0,0,0,0
0,0,0,0
0,0,0,0
0,0,0,0
0,0,0,0
0,0,0,0
0,0,0,0
0,0,0,0
0,0,0,0
0,0,0,0
0,0,0,0
0,0,0,0
0,0,0,0
0,0,0,0
0,0,0,0
0,0,0,0
0,0,0,0
0,0,0,0
0,0,0,0
0,0,0,0
0,0,0,0
0,0,0,0
0,0,0,0
0,0,0,0
0,0,0,0
0,0,0,0
0,0,0,0
0,0,0,0
0,0,0,0
0,0,0,0
0,0,0,0
0,0,0,0
0,0,0,0
0,0,0,0
0,0,0,0
0,0,0,0
0,0,0,0
0,0,0,0
0,0,0,0
0,0,0,0
0,0,0,0
0,0,0,0
0,0,0,0
0,0,0,0
0,0,0,0
0,0,0,0
0,0,0,0
0,0,0,0
0,0,0,0
0,0,0,0
0,0,0,0
0,0,0,0
0,0,0,0
0,0,0,0
0,0,0,0
0,0,0,0
0,0,0,0
0,0,0,0
0,0,0,0
0,0,0,0
0,0,0,0
0,0,0,0
0,0,0,0
0,0,0,0
0,0,0,0
0,0,0,0
0,0,0,0
0,0,0,0
0,0,0,0
0,0,0,0
0,0,0,0
0,0,0,0
0,0,0,0
0,0,0,0
0,0,0,0
0,0,0,0
0,0,0,0
0,0,0,0
0,0,0,0
0,0,0,0
0,0,0,0
0,0,0,0
0,0,0,0
0,0,0,0
0,0,0,0
0,0,0,0
0,0,0,0
0,0,0,0
0,0,0,0
0,0,0,0
0,0,0,0
0,0,0,0
0,0,0,0
0,0,0,0
0,0,0,0
0,0,0,0
0,0,0,0
0,0,0,0
0,0,0,0
0,0,0,0
0,0,0,0
0,0,0,0
0,0,0,0
0,0,0,0
0,0,0,0
0,0,0,0
0,0,0,0
0,0,0,0
0,0,0,0
0,0,0,0
0,0,0,0
0,0,0,0
0,0,0,0
0,0,0,0
0,0,0,0
0,0,0,0
0,0,0,0
0,0,0,0
0,0,0,0
0,0,0,0
0,0,0,0
0,0,0,0
0,0,0,0
0,0,0,0
0,0,0,0
0,0,0,0
0,0,0,0
0,0,0,0
0,0,0,0
0,0,0,0
0,0,0,0
0,0,0,0
0,0,0,0
0,0,0,0
0,0,0,0
0,0,0,0
0,0,0,0
0,0,0,0
0,0,0,0
0,0,0,0
0,0,0,0
0,0,0,0
0,0,0,0
0,0,0,0
0,0,0,0
0,0,0,0
0,0,0,0
0,0,0,0
0,0,0,0
0,0,0,0
0,0,0,0
0,0,0,0
0,0,0,0
0,0,0,0
0,0,0,0
0,0,0,0
0,0,0,0
0,0,0,0
0,0,0,0
0,0,0,0
0,0,0,0
0,0,0,0
0,0,0,0
0,0,0,0
0,0,0,0
0,0,0,0
0,0,0,0
0,0,0,0
0,0,0,0
0,0,0,0
0,0,0,0
0,0,0,0
0,0,0,0
0,0,0,0
0,0,0,0
0,0,0,0
0,0,0,0
0,0,0,0
0,0,0,0
0,0,0,0
0,0,0,0
0,0,0,0
0,0,0,0
0,0,0,0
0,0,0,0
0,0,0,0
0,0,0,0
0,0,0,0
0,0,0,0
0,0,0,0
0,0,0,0
0,0,0,0
0,0,0,0
0,0,0,0
0,0,0,0
0,0,0,0
0,0,0,0
0,0,0,0
0,0,0,0
0,0,0,0
0,0,0,0
0,0,0,0
0,0,0,0
0,0,0,0
0,0,0,0
0,0,0,0
0,0,0,0
0,0,0,0
0,0,0,0
0,0,0,0
0,0,0,0
0,0,0,0
0,0,0,0
0,0,0,0
0,0,0,0
0,0,0,0
0,0,0,0
0,0,0,0
0,0,0,0
0,0,0,0
0,0,0,0
0,0,0,0
0,0,0,0
0,0,0,0
0,0,0,0
0,0,0,0
0,0,0,0
0,0,0,0
0,0,0,0
0,0,0,0
0,0,0,0
0,0,0,0
0,0,0,0
0,0,0,0
0,0,0,0
0,0,0,0
0,0,0,0
0,0,0,0
0,0,0,0
0,0,0,0
0,0,0,0
0,0,0,0
0,0,0,0
0,0,0,0
0,0,0,0
0,0,0,0
0,0,0,0
0,0,0,0
0,0,0,0
0,0,0,0
0,0,0,0
0,0,0,0
0,0,0,0
0,0,0,0
0,0,0,0
0,0,0,0
0,0,0,0
0,0,0,0
0,0,0,0
0,0,0,0
0,0,0,0
0,0,0,0
0,0,0,0
0,0,0,0
0,0,0,0
0,0,0,0
0,0,0,0
0,0,0,0
0,0,0,0
0,0,0,0
0,0,0,0
0,0,0,0
0,0,0,0
0,0,0,0
0,0,0,0
0,0,0,0
0,0,0,0
0,0,0,0
0,0,0,0
0,0,0,0
0,0,0,0
0,0,0,0
0,0,0,0
0,0,0,0
0,0,0,0
0,0,0,0
0,0,0,0
0,0,0,0
0,0,0,0
0,0,0,0
0,0,0,0
0,0,0,0
0,0,0,0
0,0,0,0
0,0,0,0
0,0,0,0
0,0,0,0
0,0,0,0
0,0,0,0
0,0,0,0
0,0,0,0
0,0,0,0
0,0,0,0
0,0,0,0
0,0,0,0
0,0,0,0
0,0,0,0
0,0,0,0
0,0,0,0
0,0,0,0
0,0,0,0
0,0,0,0
0,0,0,0
0,0,0,0
0,0,0,0
0,0,0,0
0,0,0,0
0,0,0,0
0,0,0,0
0,0,0,0
0,0,0,0
0,0,0,0
0,0,0,0
0,0,0,0
0,0,0,0
0,0,0,0
0,0,0,0
0,0,0,0
0,0,0,0
0,0,0,0
0,0,0,0
0,0,0,0
0,0,0,0
0,0,0,0
0,0,0,0
0,0,0,0
0,0,0,0
0,0,0,0
0,0,0,0
0,0,0,0
0,0,0,0
0,0,0,0
0,0,0,0
0,0,0,0
0,0,0,0
0,0,0,0
0,0,0,0
0,0,0,0
0,0,0,0
0,0,0,0
0,0,0,0
0,0,0,0
0,0,0,0
0,0,0,0
0,0,0,0
0,0,0,0
0,0,0,0
0,0,0,0
0,0,0,0
0,0,0,0
0,0,0,0
0,0,0,0
0,0,0,0
0,0,0,0
0,0,0,0
0,0,0,0
0,0,0,0
0,0,0,0
0,0,0,0
0,0,0,0
0,0,0,0
0,0,0,0
0,0,0,0
0,0,0,0
0,0,0,0
0,0,0,0
0,0,0,0
0,0,0,0
0,0,0,0
0,0,0,0
0,0,0,0
0,0,0,0
0,0,0,0
0,0,0,0
0,0,0,0
0,0,0,0
0,0,0,0
0,0,0,0
0,0,0,0
0,0,0,0
0,0,0,0
0,0,0,0
0,0,0,0
0,0,0,0
0,0,0,0
0,0,0,0
0,0,0,0
0,0,0,0
0,0,0,0
0,0,0,0
0,0,0,0
0,0,0,0
0,0,0,0
0,0,0,0
0,0,0,0
0,0,0,0
0,0,0,0
0,0,0,0
0,0,0,0
0,0,0,0
0,0,0,0
0,0,0,0
0,0,0,0
0,0,0,0
0,0,0,0
0,0,0,0
0,0,0,0
0,0,0,0
0,0,0,0
0,0,0,0
0,0,0,0
0,0,0,0
0,0,0,0
0,0,0,0
0,0,0,0
0,0,0,0
0,0,0,0
0,0,0,0
0,0,0,0
0,0,0,0
0,0,0,0
0,0,0,0
0,0,0,0
0,0,0,0
0,0,0,0
0,0,0,0
0,0,0,0
0,0,0,0
0,0,0,0
0,0,0,0
0,0,0,0
0,0,0,0
0,0,0,0
0,0,0,0
0,0,0,0
0,0,0,0
0,0,0,0
0,0,0,0
0,0,0,0
0,0,0,0
0,0,0,0
0,0,0,0
0,0,0,0
0,0,0,0
0,0,0,0
0,0,0,0
0,0,0,0
0,0,0,0
0,0,0,0
0,0,0,0
0,0,0,0
0,0,0,0
0,0,0,0
0,0,0,0
0,0,0,0
0,0,0,0
0,0,0,0
0,0,0,0
0,0,0,0
0,0,0,0
0,0,0,0
0,0,0,0
0,0,0,0
0,0,0,0
0,0,0,0
0,0,0,0
0,0,0,0
0,0,0,0
0,0,0,0
0,0,0,0
0,0,0,0
0,0,0,0
0,0,0,0
0,0,0,0
0,0,0,0
0,0,0,0
0,0,0,0
0,0,0,0
0,0,0,0
0,0,0,0
0,0,0,0
0,0,0,0
0,0,0,0
0,0,0,0
0,0,0,0
0,0,0,0
0,0,0,0
0,0,0,0
0,0,0,0
0,0,0,0
0,0,0,0
0,0,0,0
0,0,0,0
0,0,0,0
0,0,0,0
0,0,0,0
0,0,0,0
0,0,0,0
0,0,0,0
0,0,0,0
0,0,0,0
0,0,0,0
0,0,0,0
0,0,0,0
0,0,0,0
0,0,0,0
0,0,0,0
0,0,0,0
0,0,0,0
0,0,0,0
0,0,0,0
0,0,0,0
0,0,0,0
0,0,0,0
0,0,0,0
0,0,0,0
0,0,0,0
0,0,0,0
0,0,0,0
0,0,0,0
0,0,0,0
0,0,0,0
0,0,0,0
0,0,0,0
0,0,0,0
0,0,0,0
0,0,0,0
0,0,0,0
0,0,0,0
0,0,0,0
0,0,0,0
0,0,0,0
0,0,0,0
0,0,0,0
0,0,0,0
0,0,0,0
0,0,0,0
0,0,0,0
0,0,0,0
0,0,0,0
0,0,0,0
0,0,0,0
0,0,0,0
0,0,0,0
0,0,0,0
0,0,0,0
0,0,0,0
0,0,0,0
0,0,0,0
0,0,0,0
0,0,0,0
0,0,0,0
0,0,0,0
0,0,0,0
0,0,0,0
0,0,0,0
0,0,0,0
0,0,0,0
0,0,0,0
0,0,0,0
0,0,0,0
0,0,0,0
0,0,0,0
0,0,0,0
0,0,0,0
0,0,0,0
0,0,0,0
0,0,0,0
0,0,0,0
0,0,0,0
0,0,0,0
0,0,0,0
0,0,0,0
0,0,0,0
0,0,0,0
0,0,0,0
0,0,0,0
0,0,0,0
0,0,0,0
0,0,0,0
0,0,0,0
0,0,0,0
0,0,0,0
0,0,0,0
0,0,0,0
0,0,0,0
0,0,0,0
0,0,0,0
0,0,0,0
0,0,0,0
0,0,0,0
0,0,0,0
0,0,0,0
0,0,0,0
0,0,0,0
0,0,0,0
0,0,0,0
0,0,0,0
0,0,0,0
0,0,0,0
0,0,0,0
0,0,0,0
0,0,0,0
0,0,0,0
0,0,0,0
0,0,0,0
0,0,0,0
0,0,0,0
0,0,0,0
0,0,0,0
0,0,0,0
0,0,0,0
0,0,0,0
0,0,0,0
0,0,0,0
0,0,0,0
0,0,0,0
0,0,0,0
0,0,0,0
0,0,0,0
0,0,0,0
0,0,0,0
0,0,0,0
0,0,0,0
0,0,0,0
0,0,0,0
0,0,0,0
0,0,0,0
0,0,0,0
0,0,0,0
0,0,0,0
0,0,0,0
0,0,0,0
0,0,0,0
0,0,0,0
0,0,0,0
0,0,0,0
0,0,0,0
0,0,0,0
0,0,0,0
0,0,0,0
0,0,0,0
0,0,0,0
0,0,0,0
0,0,0,0
0,0,0,0
0,0,0,0
0,0,0,0
0,0,0,0
0,0,0,0
0,0,0,0
0,0,0,0
0,0,0,0
0,0,0,0
0,0,0,0
0,0,0,0
0,0,0,0
0,0,0,0
0,0,0,0
0,0,0,0
0,0,0,0
0,0,0,0
0,0,0,0
0,0,0,0
0,0,0,0
0,0,0,0
0,0,0,0
0,0,0,0
0,0,0,0
0,0,0,0
0,0,0,0
0,0,0,0
0,0,0,0
0,0,0,0
0,0,0,0
0,0,0,0
0,0,0,0
0,0,0,0
0,0,0,0
0,0,0,0
0,0,0,0
0,0,0,0
0,0,0,0
0,0,0,0
0,0,0,0
0,0,0,0
0,0,0,0
0,0,0,0
0,0,0,0
0,0,0,0
0,0,0,0
0,0,0,0
0,0,0,0
0,0,0,0
0,0,0,0
0,0,0,0
0,0,0,0
0,0,0,0
0,0,0,0
0,0,0,0
0,0,0,0
0,0,0,0
0,0,0,0
0,0,0,0
0,0,0,0
0,0,0,0
0,0,0,0
0,0,0,0
0,0,0,0
0,0,0,0
0,0,0,0
0,0,0,0
0,0,0,0
0,0,0,0
0,0,0,0
0,0,0,0
0,0,0,0
0,0,0,0
0,0,0,0
0,0,0,0
0,0,0,0
0,0,0,0
0,0,0,0
0,0,0,0
0,0,0,0
0,0,0,0
0,0,0,0
0,0,0,0
0,0,0,0
0,0,0,0
0,0,0,0
0,0,0,0
0,0,0,0
0,0,0,0
0,0,0,0
0,0,0,0
0,0,0,0
0,0,0,0
0,0,0,0
0,0,0,0
0,0,0,0
0,0,0,0
0,0,0,0
0,0,0,0
0,0,0,0
0,0,0,0
0,0,0,0
0,0,0,0
0,0,0,0
0,0,0,0
0,0,0,0
0,0,0,0
0,0,0,0
0,0,0,0
0,0,0,0
0,0,0,0
0,0,0,0
0,0,0,0
0,0,0,0
0,0,0,0
0,0,0,0
0,0,0,0
0,0,0,0
0,0,0,0
0,0,0,0
0,0,0,0
0,0,0,0
0,0,0,0
0,0,0,0
0,0,0,0
0,0,0,0
0,0,0,0
0,0,0,0
0,0,0,0
0,0,0,0
0,0,0,0
0,0,0,0
0,0,0,0
0,0,0,0
0,0,0,0
0,0,0,0
0,0,0,0
0,0,0,0
0,0,0,0
0,0,0,0
0,0,0,0
0,0,0,0
0,0,0,0
0,0,0,0
0,0,0,0
0,0,0,0
0,0,0,0
0,0,0,0
0,0,0,0
0,0,0,0
0,0,0,0
0,0,0,0
0,0,0,0
0,0,0,0
0,0,0,0
0,0,0,0
0,0,0,0
0,0,0,0
0,0,0,0
0,0,0,0
0,0,0,0
0,0,0,0
0,0,0,0
0,0,0,0
0,0,0,0
0,0,0,0
0,0,0,0
0,0,0,0
0,0,0,0
0,0,0,0
0,0,0,0
0,0,0,0
0,0,0,0
0,0,0,0
0,0,0,0
0,0,0,0
0,0,0,0
0,0,0,0
0,0,0,0
0,0,0,0
0,0,0,0
0,0,0,0
0,0,0,0
0,0,0,0
0,0,0,0
0,0,0,0
0,0,0,0
0,0,0,0
0,0,0,0
0,0,0,0
0,0,0,0
0,0,0,0
0,0,0,0
0,0,0,0
0,0,0,0
0,0,0,0
0,0,0,0
0,0,0,0
0,0,0,0
0,0,0,0
0,0,0,0
0,0,0,0
0,0,0,0
0,0,0,0
0,0,0,0
0,0,0,0
0,0,0,0
0,0,0,0
0,0,0,0
0,0,0,0
0,0,0,0
0,0,0,0
0,0,0,0
0,0,0,0
0,0,0,0
0,0,0,0
0,0,0,0
0,0,0,0
0,0,0,0
0,0,0,0
0,0,0,0
0,0,0,0
0,0,0,0
0,0,0,0
0,0,0,0
0,0,0,0
0,0,0,0
0,0,0,0
0,0,0,0
0,0,0,0
0,0,0,0
0,0,0,0
0,0,0,0
0,0,0,0
0,0,0,0
0,0,0,0
0,0,0,0
0,0,0,0
0,0,0,0
0,0,0,0
0,0,0,0
0,0,0,0
0,0,0,0
0,0,0,0
0,0,0,0
0,0,0,0
0,0,0,0
0,0,0,0
0,0,0,0
0,0,0,0
0,0,0,0
0,0,0,0
0,0,0,0
0,0,0,0
0,0,0,0
0,0,0,0
0,0,0,0
0,0,0,0
0,0,0,0
0,0,0,0
0,0,0,0
0,0,0,0
0,0,0,0
0,0,0,0
0,0,0,0
0,0,0,0
0,0,0,0
0,0,0,0
0,0,0,0
0,0,0,0
0,0,0,0
0,0,0,0
0,0,0,0
0,0,0,0
0,0,0,0
0,0,0,0
0,0,0,0
0,0,0,0
0,0,0,0
0,0,0,0
0,0,0,0
0,0,0,0
0,0,0,0
0,0,0,0
0,0,0,0
0,0,0,0
0,0,0,0
0,0,0,0
0,0,0,0
0,0,0,0
0,0,0,0
0,0,0,0
0,0,0,0
0,0,0,0
0,0,0,0
0,0,0,0
0,0,0,0
0,0,0,0
0,0,0,0
0,0,0,0
0,0,0,0
0,0,0,0
0,0,0,0
0,0,0,0
0,0,0,0
0,0,0,0
0,0,0,0
0,0,0,0
0,0,0,0
0,0,0,0
0,0,0,0
0,0,0,0
0,0,0,0
0,0,0,0
0,0,0,0
0,0,0,0
0,0,0,0
0,0,0,0
0,0,0,0
0,0,0,0
0,0,0,0
0,0,0,0
0,0,0,0
0,0,0,0
0,0,0,0
0,0,0,0
0,0,0,0
0,0,0,0
0,0,0,0
0,0,0,0
0,0,0,0
0,0,0,0
0,0,0,0
0,0,0,0
0,0,0,0
0,0,0,0
0,0,0,0
0,0,0,0
0,0,0,0
0,0,0,0
0,0,0,0
0,0,0,0
0,0,0,0
0,0,0,0
0,0,0,0
0,0,0,0
0,0,0,0
0,0,0,0
0,0,0,0
0,0,0,0
0,0,0,0
0,0,0,0
0,0,0,0
0,0,0,0
0,0,0,0
0,0,0,0
0,0,0,0
0,0,0,0
0,0,0,0
0,0,0,0
0,0,0,0
0,0,0,0
0,0,0,0
0,0,0,0
0,0,0,0
0,0,0,0
0,0,0,0
0,0,0,0
0,0,0,0
0,0,0,0
0,0,0,0
0,0,0,0
0,0,0,0
0,0,0,0
0,0,0,0
0,0,0,0
0,0,0,0
0,0,0,0
0,0,0,0
0,0,0,0
0,0,0,0
0,0,0,0
0,0,0,0
0,0,0,0
0,0,0,0
0,0,0,0
0,0,0,0
0,0,0,0
0,0,0,0
0,0,0,0
0,0,0,0
0,0,0,0
0,0,0,0
0,0,0,0
0,0,0,0
0,0,0,0
0,0,0,0
0,0,0,0
0,0,0,0
0,0,0,0
0,0,0,0
0,0,0,0
0,0,0,0
0,0,0,0
0,0,0,0
0,0,0,0
0,0,0,0
0,0,0,0
0,0,0,0
0,0,0,0
0,0,0,0
0,0,0,0
0,0,0,0
0,0,0,0
0,0,0,0
0,0,0,0
0,0,0,0
0,0,0,0
0,0,0,0
0,0,0,0
0,0,0,0
0,0,0,0
0,0,0,0
0,0,0,0
0,0,0,0
0,0,0,0
0,0,0,0
0,0,0,0
0,0,0,0
0,0,0,0
0,0,0,0
0,0,0,0
0,0,0,0
0,0,0,0
0,0,0,0
0,0,0,0
0,0,0,0
0,0,0,0
0,0,0,0
0,0,0,0
0,0,0,0
0,0,0,0
0,0,0,0
0,0,0,0
0,0,0,0
0,0,0,0
0,0,0,0
0,0,0,0
0,0,0,0
0,0,0,0
0,0,0,0
0,0,0,0
0,0,0,0
0,0,0,0
0,0,0,0
0,0,0,0
0,0,0,0
0,0,0,0
0,0,0,0
0,0,0,0
0,0,0,0
0,0,0,0
0,0,0,0
0,0,0,0
0,0,0,0
0,0,0,0
0,0,0,0
0,0,0,0
0,0,0,0
0,0,0,0
0,0,0,0
0,0,0,0
0,0,0,0
0,0,0,0
0,0,0,0
0,0,0,0
0,0,0,0
0,0,0,0
0,0,0,0
0,0,0,0
0,0,0,0
0,0,0,0
0,0,0,0
0,0,0,0
0,0,0,0
0,0,0,0
0,0,0,0
0,0,0,0
0,0,0,0
0,0,0,0
0,0,0,0
0,0,0,0
0,0,0,0
0,0,0,0
0,0,0,0
0,0,0,0
0,0,0,0
0,0,0,0
0,0,0,0
0,0,0,0
0,0,0,0
0,0,0,0
0,0,0,0
0,0,0,0
0,0,0,0
0,0,0,0
0,0,0,0
0,0,0,0
0,0,0,0
0,0,0,0
0,0,0,0
0,0,0,0
0,0,0,0
0,0,0,0
0,0,0,0
0,0,0,0
0,0,0,0
0,0,0,0
0,0,0,0
0,0,0,0
0,0,0,0
0,0,0,0
0,0,0,0
0,0,0,0
0,0,0,0
0,0,0,0
0,0,0,0
0,0,0,0
0,0,0,0
0,0,0,0
0,0,0,0
0,0,0,0
0,0,0,0
0,0,0,0
0,0,0,0
0,0,0,0
0,0,0,0
0,0,0,0
0,0,0,0
0,0,0,0
0,0,0,0
0,0,0,0
0,0,0,0
0,0,0,0
0,0,0,0
0,0,0,0
0,0,0,0
0,0,0,0
0,0,0,0
0,0,0,0
0,0,0,0
0,0,0,0
0,0,0,0
0,0,0,0
0,0,0,0
0,0,0,0
0,0,0,0
0,0,0,0
0,0,0,0
0,0,0,0
0,0,0,0
0,0,0,0
0,0,0,0
0,0,0,0
0,0,0,0
0,0,0,0
0,0,0,0
0,0,0,0
0,0,0,0
0,0,0,0
0,0,0,0
0,0,0,0
0,0,0,0
0,0,0,0
0,0,0,0
0,0,0,0
0,0,0,0
0,0,0,0
0,0,0,0
0,0,0,0
0,0,0,0
0,0,0,0
0,0,0,0
0,0,0,0
0,0,0,0
0,0,0,0
0,0,0,0
0,0,0,0
0,0,0,0
0,0,0,0
0,0,0,0
0,0,0,0
0,0,0,0
0,0,0,0
0,0,0,0
0,0,0,0
0,0,0,0
0,0,0,0
0,0,0,0
0,0,0,0
0,0,0,0
0,0,0,0
0,0,0,0
0,0,0,0
0,0,0,0
0,0,0,0
0,0,0,0
0,0,0,0
0,0,0,0
0,0,0,0
0,0,0,0
0,0,0,0
0,0,0,0
0,0,0,0
0,0,0,0
0,0,0,0
0,0,0,0
0,0,0,0
0,0,0,0
0,0,0,0
0,0,0,0
0,0,0,0
0,0,0,0
0,0,0,0
0,0,0,0
0,0,0,0
0,0,0,0
