10754
3485
2682
2983
3588
2794
2775
2793
4009
2619
3096
3057
2518
3061
3350
3165
2979
3413
2877
2622
3598
3446
3304
3571
2607
2750
3369
2966
3013
3184
2747
2703
3049
2455
3638
3035
3093
3320
2729
2731
2725
3309
2664
3745
2532
3039
3338
2586
2730
2675
3252
3188
3373
2857
2808
2971
3195
2732
2639
2998
2437
2641
2730
3676
2694
3005
3092
2948
3054
2828
2826
3266
3404
2892
3330
2704
2571
3227
3102
3549
3231
3199
4258
15160
3604
3763
3502
3794
3546
4085
2724
2955
4635
3603
2788
2785
3967
2283
3060
3715
4158
3444
2849
2525
3371
2652
2782
2407
3802
4017
2294
2857
3561
2503
2711
2674
5253
4042
2621
3289
3260
2998
3167
3137
3815
2691
2628
2969
2978
2413
3039
2527
2603
2624
2341
3197
2620
2693
3084
2827
3323
2526
3450
2489
2296
3015
2427
2653
3188
2461
2744
2735
2678
3714
2524
3514
4152
3283
2839
2598
2555
3490
2967
3055
2964
3043
2891
3164
2952
2739
2542
2988
3019
2755
2951
2465
3357
2988
3333
2814
3264
3330
2540
2643
2457
2414
2155
2432
2795
2546
3181
2085
2729
2561
2811
2576
2698
2990
2447
3401
2481
2509
2435
2901
2660
2849
3828
3069
2711
3255
2294
2658
2672
2193
2454
2823
2567
2861
2047
3066
2352
2786
2391
2391
2517
2783
2524
2745
2960
2516
3348
2010
2473
2842
2544
3384
3257
2318
2653
3866
2646
2464
3180
2306
3301
2755
3158
3429
2814
3129
2388
2427
3013
2949
2681
3299
3625
2914
3660
2862
2681
2806
3154
2778
3443
2703
2855
2717
3005
2791
2535
2897
2786
3552
2834
3008
2606
2909
2428
4806
3263
2696
3115
2992
2647
2600
3027
2785
2710
3694
2612
2637
2940
2997
2843
3498
2828
3347
3194
2600
2936
3939
3144
3155
3105
2729
2588
2931
2530
2716
2485
3275
2893
2962
3080
2863
2877
2647
2777
2606
2864
3317
2564
2842
3216
2234
2329
2891
3054
2988
2763
3005
2605
2661
3012
2648
3511
2595
2546
2899
3229
2866
2972
3110
2348
2723
2901
2642
2802
2760
3705
2752
2620
2512
2888
3867
2452
3682
2815
2717
2512
2617
3652
2670
2544
3409
3798
2458
2751
3281
3188
3360
3085
2667
3154
2583
3834
3648
2948
2959
3222
3194
3300
3302
2731
2515
2915
3198
2895
2829
2874
2475
3209
3506
3512
3219
3716
3612
2955
2913
3170
3359
3059
2512
2868
2813
2794
3320
3170
2625
3049
2636
3290
2702
2928
2805
3013
3134
3141
2759
2690
3440
3235
2676
2992
3088
2876
2781
2962
2789
3144
2794
2790
2748
3719
2527
3185
2896
2513
3190
2709
2998
3031
0
0
0
0
0
0
0
0
0
0
0
0
0
0
0
0
0
0
0
0
0
0
0
0
0
0
0
0
0
0
0
0
0
0
0
0
0
0
0
0
0
0
0
0
0
0
0
0
0
0
0
0
0
0
0
0
0
0
0
0
0
0
0
0
0
0
0
0
0
0
0
0
0
0
0
0
0
0
0
0
0
0
0
0
0
0
0
0
0
0
0
0
0
0
0
0
0
0
0
0
0
0
0
0
0
0
0
0
0
0
0
0
0
0
0
0
0
0
0
0
0
0
0
0
0
0
0
0
0
0
0
0
0
0
0
0
0
0
0
0
0
0
0
0
0
0
0
0
0
0
0
0
0
0
0
0
0
0
0
0
0
0
0
0
0
0
0
0
0
0
0
0
0
0
0
0
0
0
0
0
0
0
0
0
0
0
0
0
0
0
0
0
0
0
0
0
0
0
0
0
0
0
0
0
0
0
0
0
0
0
0
0
0
0
0
0
0
0
0
0
0
0
0
0
0
0
0
0
0
0
0
0
0
0
0
0
0
0
0
0
0
0
0
0
0
0
0
0
0
0
0
0
0
0
0
0
0
0
0
0
0
0
0
0
0
0
0
0
0
0
0
0
0
0
0
0
0
0
0
0
0
0
0
0
0
0
0
0
0
0
0
0
0
0
0
0
0
0
0
0
0
0
0
0
0
0
0
0
0
0
0
0
0
0
0
0
0
0
0
0
0
0
0
0
0
0
0
0
0
0
0
0
0
0
0
0
0
0
0
0
0
0
0
0
0
0
0
0
0
0
0
0
0
0
0
0
0
0
0
0
0
0
0
0
0
0
0
0
0
0
0
0
0
0
0
0
0
0
0
0
0
0
0
0
0
0
0
0
0
0
0
0
0
0
0
0
0
0
0
0
0
0
0
0
0
0
0
0
0
0
0
0
0
0
0
0
0
0
0
0
0
0
0
0
0
0
0
0
0
0
0
0
0
0
0
0
0
0
0
0
0
0
0
0
0
0
0
0
0
0
0
0
0
0
0
0
0
0
0
0
0
0
0
0
0
0
0
0
0
0
0
0
0
0
0
0
0
0
0
0
0
0
0
0
0
0
0
0
0
0
0
0
0
0
0
0
0
0
0
0
0
0
0
0
0
0
0
0
0
0
0
0
0
0
0
0
0
0
0
0
0
0
0
0
0
0
0
0
0
0
0
0
0
0
0
0
0
0
0
0
0
0
0
0
0
0
0
0
0
0
0
0
0
0
0
0
0
0
0
0
0
0
0
0
0
0
0
0
0
0
0
0
0
0
0
0
0
0
0
0
0
0
0
0
0
0
0
0
0
0
0
0
0
0
0
0
0
0
0
0
0
0
0
0
0
0
0
0
0
0
0
0
0
0
0
0
0
0
0
0
0
0
0
0
0
0
0
0
0
0
0
0
0
0
0
0
0
0
0
0
0
0
0
0
0
0
0
0
0
0
0
0
0
0
0
0
0
0
0
0
0
0
0
0
0
0
0
0
0
0
0
0
0
0
0
0
0
0
0
0
0
0
0
0
0
0
0
0
0
0
0
0
0
0
0
0
0
0
0
0
0
0
0
0
0
0
0
0
0
0
0
0
0
0
0
0
0
0
0
0
0
0
0
0
0
0
0
0
0
0
0
0
0
0
0
0
0
0
0
0
0
0
0
0
0
0
0
0
0
0
0
0
0
0
0
0
0
0
0
0
0
0
0
0
0
0
0
0
0
0
0
0
0
0
0
0
0
0
0
0
0
0
0
0
0
0
0
0
0
0
0
0
0
0
0
0
0
0
0
0
0
0
0
0
0
0
0
0
0
0
0
0
0
0
0
0
0
0
0
0
0
0
0
0
0
0
0
0
0
0
0
0
0
0
0
0
0
0
0
0
0
0
0
0
0
0
0
0
0
0
0
0
0
0
0
0
0
0
0
0
0
0
0
0
0
0
0
0
0
0
0
0
0
0
0
0
0
0
0
0
0
0
0
0
0
0
0
0
0
0
0
0
0
0
0
0
0
0
0
0
0
0
0
0
0
0
0
0
0
0
0
0
0
0
0
0
0
0
0
0
0
0
0
0
0
0
0
0
0
0
0
0
0
0
0
0
0
0
0
0
0
0
0
0
0
0
0
0
0
0
0
0
0
0
0
0
0
0
0
0
0
0
0
0
0
0
0
0
0
0
0
0
0
0
0
0
0
0
0
0
0
0
0
0
0
0
0
0
0
0
0
0
0
0
0
0
0
0
0
0
0
0
0
0
0
0
0
0
0
0
0
0
0
0
0
0
0
0
0
0
0
0
0
0
0
0
0
0
0
0
0
0
0
0
0
0
0
0
0
0
0
0
0
0
0
0
0
0
0
0
0
0
0
0
0
0
0
0
0
0
0
0
0
0
0
0
0
0
0
0
0
0
0
0
0
0
0
0
0
0
0
0
0
0
0
0
0
0
0
0
0
0
0
0
0
0
0
0
0
0
0
0
0
0
0
0
0
0
0
0
0
0
0
0
0
0
0
0
0
0
0
0
0
0
0
0
0
0
0
0
0
0
0
0
0
0
0
0
0
0
0
0
0
0
0
0
0
0
0
0
0
0
0
0
0
0
0
0
0
0
0
0
0
0
0
0
0
0
0
0
0
0
0
0
0
0
0
0
0
0
0
0
0
0
0
0
0
0
0
0
0
0
0
0
0
0
0
0
0
0
0
0
0
0
0
0
0
0
0
0
0
0
0
0
0
0
0
0
0
0
0
0
0
0
0
0
0
0
0
0
0
0
0
0
0
0
0
0
0
0
0
0
0
0
0
0
0
0
0
0
0
0
0
0
0
0
0
0
0
0
0
0
0
0
0
0
0
0
0
0
0
0
0
0
0
0
0
0
0
0
0
0
0
0
0
0
0
0
0
0
0
0
0
0
0
0
0
0
0
0
0
0
0
0
0
0
0
0
0
0
0
0
0
0
0
0
0
0
0
0
0
0
0
0
0
0
0
0
0
0
0
