396,202,392,202
400,201,391,201
396,201,392,202
396,201,392,201
396,201,392,201
396,198,397,198
395,198,392,201
400,201,392,201
395,202,391,202
395,202,391,201
395,201,391,202
395,201,391,202
395,201,391,201
394,202,391,201
394,198,390,202
400,198,396,202
395,201,390,202
395,201,390,202
395,201,391,201
394,201,390,201
394,201,390,201
394,201,390,201
394,201,390,201
394,201,390,201
393,202,390,201
393,202,389,201
393,202,389,202
394,201,389,202
393,202,390,202
393,201,396,202
393,201,389,198
393,201,389,201
393,201,389,201
393,201,389,201
393,201,389,201
393,201,389,195
393,201,389,201
392,201,389,201
392,201,389,201
392,201,388,197
400,200,388,201
392,201,388,201
392,201,388,201
392,201,388,201
391,201,388,201
392,201,388,201
391,198,388,201
392,198,387,195
391,198,395,195
392,200,388,200
391,200,388,200
391,200,387,200
391,200,387,200
391,201,387,200
390,200,395,200
391,200,386,201
391,200,387,200
390,200,387,200
390,200,387,200
391,200,387,200
390,200,394,195
390,200,386,200
390,200,386,200
390,200,386,200
390,200,386,200
390,200,386,200
390,200,386,200
390,200,386,200
390,200,386,200
389,200,385,200
389,200,385,200
389,200,385,200
389,200,385,200
389,200,385,200
389,200,385,200
388,199,385,199
389,200,385,200
389,200,385,200
389,199,385,200
389,199,385,199
389,199,385,199
388,200,385,199
388,200,384,199
388,199,384,200
388,199,384,199
388,199,384,199
388,199,384,199
388,199,384,199
388,199,384,199
388,199,384,199
388,199,383,199
387,199,383,199
387,199,383,199
387,199,383,199
387,199,383,199
387,199,383,199
387,199,383,199
387,199,383,199
386,199,383,199
387,199,383,199
386,199,383,199
387,200,383,200
386,199,392,199
386,199,382,199
386,199,382,199
386,199,382,199
386,199,382,199
386,199,382,199
386,199,382,199
386,199,382,199
385,194,382,199
385,199,381,199
385,199,381,199
385,199,381,199
385,199,381,199
385,199,381,199
385,199,381,199
385,199,381,198
385,199,381,199
385,199,381,199
384,192,381,192
384,199,381,198
384,198,380,193
384,199,380,199
384,198,380,198
384,198,380,198
383,198,380,199
384,198,380,198
384,198,380,198
384,198,380,198
384,192,380,198
383,198,379,198
384,192,380,198
383,198,379,198
383,198,379,198
383,198,379,198
383,198,379,198
383,198,379,198
383,198,379,198
383,198,379,198
383,198,379,198
382,198,378,198
382,198,378,198
382,198,378,198
382,198,378,198
382,198,378,198
382,198,378,198
382,198,378,197
382,197,378,197
382,198,378,198
382,197,378,198
382,197,377,198
381,198,378,197
381,198,377,198
381,198,377,198
381,198,377,198
381,197,377,197
381,197,377,197
381,197,376,198
381,197,377,197
381,197,377,197
381,192,377,192
380,192,377,197
380,197,376,197
380,197,376,192
380,197,376,197
380,197,376,197
380,197,376,197
380,197,376,197
380,197,376,197
379,197,375,197
379,197,375,197
380,197,376,197
379,197,375,191
379,197,375,197
379,197,375,197
379,197,375,197
379,197,375,197
379,197,375,197
379,197,375,197
379,197,375,197
378,197,374,197
378,197,374,197
378,197,374,197
378,197,374,197
378,197,374,197
378,197,374,197
378,197,374,197
377,189,373,188
378,197,374,197
378,197,374,197
377,197,373,197
378,196,374,196
377,197,373,197
377,197,373,197
377,197,373,197
377,197,373,197
376,197,373,196
377,196,372,197
377,196,373,196
377,196,373,196
377,196,372,196
376,188,373,196
376,196,372,196
376,196,372,197
376,196,372,196
376,196,372,196
376,196,372,196
376,196,372,196
376,196,372,196
376,196,372,196
375,196,371,196
376,196,372,196
375,196,371,196
375,197,371,196
375,196,371,196
375,196,371,196
375,196,371,196
375,196,371,196
375,196,371,196
375,196,371,196
374,196,371,188
374,196,370,196
374,196,370,196
374,196,370,196
374,196,370,196
374,196,370,196
374,196,370,188
374,189,370,196
374,196,370,196
374,196,370,196
374,195,369,188
374,195,370,195
374,195,369,195
373,196,369,196
373,196,369,196
373,195,369,195
373,195,369,195
373,195,368,196
373,195,369,195
373,195,369,188
372,195,368,195
373,195,369,195
373,195,368,188
372,195,368,195
372,195,368,195
372,195,368,195
372,195,368,195
372,195,368,195
372,195,368,195
372,195,368,195
371,195,368,196
1,195,367,195
371,195,367,195
371,195,367,195
371,195,367,195
371,195,367,195
371,195,367,195
371,195,367,195
371,195,367,195
371,195,367,195
371,195,366,195
370,195,366,195
370,195,366,195
370,195,366,195
370,195,366,195
370,195,366,195
370,195,365,194
370,195,366,195
370,195,366,195
370,195,366,194
370,194,365,194
370,194,366,194
369,195,365,195
369,195,365,194
369,194,365,194
368,195,365,194
369,194,364,195
369,194,365,194
369,194,365,187
369,194,364,194
368,187,364,194
368,194,364,194
369,194,364,194
368,194,364,194
368,194,364,194
368,194,364,194
368,194,364,194
368,194,364,194
368,194,364,194
367,194,364,194
368,194,364,187
367,194,363,194
367,194,363,194
367,194,363,194
367,194,363,194
367,194,363,194
367,194,363,194
367,194,363,194
367,194,363,194
366,184,362,194
366,194,362,194
366,194,362,194
366,194,362,194
366,194,361,193
366,194,362,194
366,194,362,186
366,194,362,194
366,194,362,194
366,194,361,194
366,193,362,193
366,193,361,194
365,193,361,194
365,194,361,194
365,193,361,193
365,193,361,193
365,193,360,194
365,193,361,193
365,193,361,193
365,193,360,193
364,193,360,193
364,193,360,193
364,193,360,193
364,193,360,193
364,193,360,193
364,193,359,193
364,193,360,193
364,193,359,194
364,193,360,193
363,193,359,193
364,193,359,184
363,193,359,193
363,193,359,193
363,193,359,193
363,193,359,193
363,193,359,193
363,193,359,193
363,193,359,193
363,193,358,193
362,193,358,193
362,193,358,193
362,193,358,193
362,193,358,193
362,193,358,193
362,192,358,192
362,193,358,193
362,193,358,193
362,193,358,192
362,192,357,192
362,192,358,192
362,192,357,193
381,192,357,193
361,193,357,193
361,193,357,193
361,193,357,192
360,193,357,192
361,192,357,192
361,184,376,184
361,184,356,184
361,192,376,184
360,192,356,193
360,193,356,192
360,192,356,192
360,192,356,192
360,192,356,192
359,193,356,192
360,192,356,192
359,192,355,192
360,192,356,192
360,192,355,192
359,192,355,192
359,192,355,192
359,192,355,192
359,192,355,192
359,192,355,192
359,192,355,192
359,192,355,192
359,192,354,192
358,192,354,192
358,192,354,192
358,192,354,192
358,192,354,192
358,192,354,192
358,192,353,192
357,192,353,191
358,192,354,191
358,191,354,191
358,191,353,192
357,192,353,192
357,192,353,192
357,192,353,192
357,192,353,192
357,192,353,192
357,192,353,192
357,191,353,192
357,192,353,192
357,192,353,192
356,184,352,191
357,191,352,191
357,191,352,192
356,191,352,191
356,191,352,191
356,191,351,192
356,191,351,191
356,191,352,191
356,191,352,184
356,191,351,191
356,191,352,191
355,191,351,182
355,191,352,191
355,191,351,191
355,191,351,191
355,191,351,191
355,191,351,191
355,191,351,191
355,191,351,191
355,191,350,191
355,191,351,182
354,192,350,191
354,191,350,191
354,191,350,191
354,191,350,191
354,191,350,191
354,191,350,191
354,191,350,191
354,191,350,191
353,191,349,191
353,191,349,191
353,191,349,191
353,191,349,191
353,191,349,191
353,191,349,191
352,191,349,191
353,191,349,191
353,191,349,190
353,190,348,191
353,190,349,190
353,190,348,191
352,190,348,191
352,191,348,191
352,191,348,191
352,191,348,190
352,190,348,190
352,190,348,191
352,190,347,190
352,190,347,190
351,190,348,190
351,191,347,191
351,191,347,190
351,190,347,190
351,190,367,190
350,190,346,190
351,190,346,190
351,190,347,190
351,190,346,190
350,190,346,190
351,190,346,190
350,190,346,190
350,190,346,190
350,190,346,190
350,190,346,190
350,190,346,190
350,190,346,190
350,190,346,190
350,190,346,190
350,190,346,190
349,190,345,190
349,190,345,190
349,190,345,190
349,190,345,190
349,190,345,190
349,190,345,190
349,190,345,190
349,190,345,190
349,190,344,181
348,190,344,190
348,190,344,190
348,190,344,190
348,190,344,190
348,190,344,190
348,190,344,190
348,190,344,190
348,190,344,190
348,190,344,190
347,190,344,189
348,189,344,189
348,189,343,190
347,190,343,181
347,190,343,190
347,190,343,190
347,190,343,190
346,190,343,189
347,189,365,180
346,179,365,180
346,179,343,189
347,189,342,189
346,189,342,189
346,189,342,189
346,189,342,189
346,189,342,190
346,189,341,190
345,190,342,189
346,189,342,189
345,189,341,189
345,189,342,189
346,189,341,189
345,189,341,189
345,189,341,189
345,189,362,189
366,189,341,189
345,189,341,189
345,189,341,189
345,189,341,189
345,189,341,189
344,189,341,190
344,190,340,189
344,189,340,189
344,189,340,189
344,189,340,189
344,189,340,189
344,189,340,189
344,188,340,189
344,188,340,189
344,189,340,189
343,189,339,189
343,189,339,189
343,189,339,189
343,189,339,189
343,189,339,189
343,189,338,180
342,179,339,189
343,189,339,189
343,189,339,188
342,179,339,188
343,188,339,188
343,188,338,189
342,189,338,188
342,189,338,189
342,189,338,188
341,189,338,188
342,188,337,188
342,188,337,180
341,179,359,180
363,179,338,188
342,188,337,188
341,180,338,188
341,188,337,188
341,188,337,188
341,188,337,188
340,189,336,189
340,189,337,188
341,188,336,188
340,188,336,188
340,188,337,188
341,188,336,188
340,188,336,188
340,188,336,188
340,188,336,188
340,188,336,188
340,188,336,179
340,188,336,188
340,188,335,189
339,189,336,188
339,188,335,189
339,189,335,188
339,188,335,188
339,188,335,188
339,188,335,188
339,188,335,188
339,179,335,188
339,188,335,188
339,188,335,188
339,188,335,179
338,179,334,188
338,188,334,188
338,188,334,188
338,188,334,188
338,188,334,188
338,188,355,188
337,188,334,179
338,187,334,188
338,188,334,187
338,187,334,187
338,187,334,187
338,187,333,188
337,188,333,179
337,179,333,188
337,188,333,188
337,187,333,188
337,188,333,179
336,179,333,179
337,179,355,179
358,179,333,187
337,187,332,188
358,179,332,187
336,179,332,187
336,187,332,187
336,187,332,188
335,187,331,188
336,187,331,188
335,187,332,187
335,187,331,187
335,187,353,177
335,187,332,187
335,179,331,187
335,187,332,187
335,187,331,187
335,187,331,187
335,187,331,187
335,187,331,187
334,187,330,188
334,188,330,187
334,187,353,187
335,188,331,187
334,187,330,187
334,187,330,187
334,187,330,187
334,187,330,187
334,187,330,187
334,179,330,187
334,187,330,187
334,187,330,187
334,187,329,187
333,187,329,187
333,187,329,187
333,187,329,187
333,187,329,187
333,187,328,186
333,187,328,186
333,187,329,186
333,187,329,187
333,186,329,186
333,186,329,187
332,187,328,187
332,187,328,187
332,187,328,187
332,187,328,187
332,187,328,187
332,187,328,187
332,187,328,187
332,178,328,187
332,187,328,177
352,187,327,187
352,187,328,186
332,186,328,186
332,186,327,187
331,187,327,187
331,187,327,186
331,186,327,187
330,187,326,187
330,187,326,186
330,179,348,177
352,179,348,177
352,179,348,186
331,186,326,177
330,179,327,186
331,179,326,186
330,186,326,186
330,186,325,187
329,186,325,186
330,186,326,186
330,186,325,186
329,186,325,186
329,186,326,186
329,186,325,186
329,186,325,186
329,186,325,186
329,186,325,186
329,186,325,186
329,186,325,186
329,186,324,187
329,186,324,187
328,187,324,187
328,186,325,187
328,187,324,186
328,186,324,186
328,186,324,186
328,186,324,186
328,186,323,186
328,186,324,186
327,177,324,186
328,186,324,186
328,186,323,186
327,186,323,186
327,186,323,186
327,186,323,186
327,186,323,186
327,186,323,186
327,186,322,185
327,186,323,186
326,186,323,186
326,186,323,185
327,185,323,185
327,185,322,186
327,185,322,177
326,186,323,186
326,186,322,186
326,185,322,186
326,186,322,177
326,186,321,186
325,186,322,177
326,186,322,186
326,186,322,186
326,186,322,185
325,186,322,185
326,185,322,185
326,185,321,186
325,186,321,186
325,186,321,186
325,185,320,186
325,185,320,186
324,186,320,186
324,185,320,186
324,178,320,177
324,178,321,185
344,178,320,185
324,179,320,177
325,185,320,185
324,185,320,185
324,185,320,185
324,185,319,186
323,186,320,185
324,185,320,185
323,185,320,185
323,186,319,186
323,185,320,185
324,185,319,185
323,185,319,185
323,185,319,185
323,185,319,185
323,185,319,185
323,185,319,185
323,185,318,186
323,185,318,186
322,185,318,185
322,185,319,185
322,185,318,185
322,185,318,185
322,185,318,185
322,185,318,185
322,185,318,185
322,185,318,185
322,185,318,185
322,185,318,185
322,185,318,185
322,185,317,185
322,185,317,185
321,185,317,185
321,185,317,185
321,185,317,185
321,185,317,185
321,185,317,176
321,185,316,179
321,185,317,185
321,185,317,185
321,185,317,185
321,179,316,185
320,185,316,185
320,185,316,185
320,185,316,185
320,185,316,185
320,185,316,185
320,185,315,185
319,185,315,184
320,179,316,185
320,185,316,184
319,179,316,184
320,184,316,184
320,184,315,185
319,185,334,177
338,179,315,185
319,185,315,185
319,179,315,185
318,185,315,185
319,176,314,176
319,176,315,185
319,185,315,185
318,176,315,184
319,184,314,185
319,184,315,184
319,184,314,185
318,184,314,184
318,184,314,184
318,184,313,185
317,184,314,184
317,185,313,185
317,179,313,185
335,179,332,179
336,179,314,184
336,179,314,184
317,179,313,176
318,184,314,184
317,184,313,184
317,184,313,184
317,184,313,184
316,185,312,185
316,185,313,184
317,184,313,184
316,185,312,185
316,184,313,184
317,184,313,184
316,184,312,184
316,184,312,184
334,178,312,184
316,184,312,184
316,184,312,184
316,184,312,184
316,184,311,185
315,185,311,185
315,185,311,185
316,185,312,184
316,184,311,184
315,184,311,184
315,184,311,184
315,184,311,184
315,184,311,184
315,184,311,184
315,184,311,184
315,184,311,184
315,184,311,184
314,184,311,184
315,184,311,184
314,184,310,184
314,184,310,184
314,184,310,184
314,184,310,184
314,184,310,184
314,184,310,184
314,184,310,184
314,184,310,184
314,184,310,184
313,184,309,184
313,184,309,184
313,184,309,184
313,184,309,184
313,184,309,184
313,184,309,184
313,184,309,184
313,183,309,183
313,183,308,183
313,183,309,183
313,184,309,184
313,183,309,183
313,183,309,183
312,178,308,177
312,184,308,184
312,184,308,184
312,184,308,184
312,184,308,184
312,178,322,184
312,178,307,184
312,178,308,177
312,184,308,184
312,183,308,177
312,183,307,177
312,183,308,183
312,183,308,183
311,184,307,184
311,183,307,184
311,184,307,184
310,184,306,184
310,184,307,178
311,179,306,184
311,179,306,184
310,179,306,177
311,183,306,177
310,179,307,183
310,179,306,183
311,183,307,183
310,183,306,183
310,183,306,183
310,184,306,183
309,184,305,184
309,184,306,183
310,183,305,184
309,183,305,184
324,184,305,184
310,183,306,183
309,183,305,183
309,183,305,183
309,183,305,183
309,183,305,183
324,184,305,183
309,183,305,183
308,184,304,184
308,183,305,183
309,183,305,183
308,183,304,184
309,183,304,183
309,184,304,183
308,183,304,183
308,183,304,183
323,183,304,183
308,183,304,183
308,183,304,183
308,183,304,183
308,183,304,183
308,183,303,184
307,183,303,184
307,183,303,184
308,184,304,184
307,183,304,184
307,183,303,183
307,183,303,183
307,183,303,183
307,183,303,183
307,183,303,183
307,183,303,183
307,183,303,183
307,183,303,183
306,183,303,183
307,183,302,183
306,184,302,183
306,183,302,183
306,183,302,183
306,183,302,183
306,183,302,183
306,183,302,183
305,179,302,183
306,183,302,183
306,183,302,183
306,183,302,183
305,183,301,183
305,183,301,179
305,183,301,183
305,183,301,183
305,183,301,183
305,183,301,183
305,183,301,183
305,183,301,183
304,182,301,183
305,182,300,182
305,183,300,182
305,183,301,182
305,183,301,183
304,183,300,183
304,183,300,183
304,183,300,183
304,183,300,183
304,183,300,183
304,183,300,183
304,183,300,183
303,183,299,180
303,183,299,183
304,182,300,183
304,182,300,182
304,182,300,182
303,179,300,182
303,183,299,180
303,182,299,183
303,183,299,182
303,183,299,183
303,183,299,183
303,183,299,183
303,178,299,183
302,178,299,180
303,183,299,180
303,182,299,183
303,182,309,180
303,182,299,182
303,182,299,182
302,183,299,182
302,183,298,183
302,183,298,183
302,183,298,183
302,179,298,183
301,183,297,182
301,179,298,182
301,179,297,180
301,179,297,180
302,182,297,180
301,179,298,182
302,182,298,182
302,182,297,183
301,182,298,182
301,182,297,182
301,183,297,182
300,183,297,182
300,182,296,182
300,183,296,183
300,183,296,183
300,178,296,182
300,178,296,182
300,179,304,180
301,182,297,182
301,182,296,182
300,182,296,183
300,182,297,182
300,183,296,182
300,182,296,182
299,183,296,182
300,182,296,182
299,182,295,183
299,179,296,182
299,183,295,182
299,182,295,182
299,182,295,182
299,182,295,182
299,182,295,182
299,182,295,182
299,182,295,182
299,182,295,182
299,182,295,182
298,182,295,182
298,182,295,182
298,182,294,182
298,179,294,183
305,182,294,182
298,182,294,182
298,182,294,182
298,182,294,182
299,182,294,182
298,182,294,182
298,182,302,180
298,182,294,182
304,182,294,182
298,182,294,182
297,183,294,182
297,182,294,182
297,183,293,183
298,183,293,183
297,182,293,182
297,182,294,182
297,182,293,183
297,182,293,182
297,182,293,182
297,182,293,182
297,182,293,182
297,182,293,182
297,182,293,182
297,182,293,182
297,182,293,182
296,183,293,182
296,183,292,182
296,183,292,183
296,182,297,183
297,183,292,183
296,182,292,182
296,182,293,183
296,182,292,182
296,182,292,182
296,182,292,182
296,182,292,182
296,182,292,180
296,182,292,182
296,182,292,182
295,182,292,182
295,179,291,181
295,182,291,182
295,182,291,182
295,182,291,182
295,182,291,182
295,182,291,182
295,182,291,182
295,182,291,182
295,182,291,182
295,182,291,182
295,182,291,182
295,182,291,182
295,179,291,182
294,182,290,182
294,182,290,182
294,182,290,182
294,182,290,182
294,182,290,182
294,182,290,182
294,182,290,182
294,182,290,182
294,182,289,181
294,182,290,182
293,182,290,182
294,182,290,182
293,182,290,182
293,182,289,181
293,182,289,182
293,182,289,182
293,182,289,182
293,182,289,182
293,182,289,182
292,181,289,182
293,182,289,182
293,182,289,182
293,182,289,181
293,182,288,181
292,182,289,181
292,182,289,182
292,182,288,182
292,182,289,181
292,182,288,181
292,182,288,182
292,182,288,182
292,182,288,182
291,181,288,182
292,181,288,182
292,182,288,182
292,182,288,181
292,181,288,181
292,181,288,181
292,182,288,182
291,1,288,181
291,182,288,181
291,182,288,181
291,182,287,1
291,182,287,182
291,182,287,182
291,182,287,182
291,181,287,182
1,1,287,182
1,1,1,1
1,1,1,1
1,1,1,1
1,1,1,1
1,1,1,1
1,1,1,1
1,1,1,1
1,1,1,1
1,1,1,1
1,1,1,1
1,1,286,182
290,181,286,182
289,182,286,182
289,182,286,181
289,181,285,182
290,181,285,182
290,181,285,182
290,181,286,181
289,181,285,181
289,181,285,181
289,181,285,181
289,181,285,181
288,181,285,181
288,182,285,181
289,181,285,181
289,182,284,182
288,181,285,181
288,181,285,182
288,181,284,181
288,181,284,181
288,181,284,181
288,181,284,181
288,181,284,181
287,181,284,181
287,181,283,181
287,181,283,181
287,181,283,181
287,181,283,181
286,180,283,181
286,181,283,181
287,181,283,181
287,180,283,181
287,180,283,180
287,180,283,180
286,181,283,180
286,181,283,180
286,180,283,180
286,180,282,180
285,181,282,180
285,181,282,180
285,181,281,181
286,180,282,181
286,180,281,181
285,180,282,180
286,178,281,180
285,180,281,180
285,180,282,181
285,180,281,180
285,180,281,180
285,180,281,180
284,181,281,180
285,181,281,180
285,180,280,179
284,180,280,180
284,180,280,180
284,180,280,180
283,178,280,180
284,179,280,180
284,179,279,180
284,180,280,180
283,180,280,180
283,180,279,180
283,180,279,180
283,180,279,180
283,180,279,179
283,178,279,180
282,178,278,180
283,179,278,180
283,179,279,178
283,179,1,178
283,179,279,179
282,178,278,179
282,178,279,179
282,179,278,179
281,180,278,179
281,180,278,179
282,180,277,180
281,178,277,180
281,179,278,180
281,179,277,179
282,178,278,180
281,179,277,179
281,179,277,179
281,179,277,179
281,179,277,179
281,179,277,179
281,179,277,179
281,179,277,179
281,180,276,176
280,179,276,179
280,179,276,179
280,179,276,179
280,178,276,179
280,179,276,179
280,179,276,179
280,179,276,179
279,179,276,179
279,179,275,176
279,179,275,179
279,179,275,179
279,179,275,179
278,175,275,179
279,175,275,179
279,175,275,179
279,175,275,175
278,175,275,179
278,178,275,178
279,178,274,179
278,178,274,178
278,178,274,178
278,178,274,178
277,179,279,179
278,178,274,178
278,176,274,178
278,175,274,178
278,178,273,178
277,178,273,178
278,178,273,178
277,178,273,178
277,178,273,178
277,178,273,178
277,178,273,178
277,178,272,176
277,178,273,178
277,179,272,178
276,178,272,178
276,178,272,178
276,178,272,178
276,178,272,178
276,176,272,178
276,178,272,178
276,178,272,178
275,178,271,178
275,178,271,178
275,178,271,178
275,178,271,178
275,178,271,178
275,178,271,178
274,175,271,178
275,175,271,176
275,178,271,176
274,175,271,178
275,177,270,176
274,175,270,176
274,175,270,176
274,177,270,177
274,178,270,177
274,177,270,177
274,177,270,177
274,177,270,177
274,177,270,177
273,175,270,176
273,177,269,177
273,175,269,177
273,175,269,177
273,177,269,177
273,177,269,177
273,177,269,177
273,177,269,177
273,177,269,177
273,178,269,177
272,177,268,177
272,177,268,177
272,177,268,177
272,177,268,177
272,177,268,177
272,177,268,177
272,177,268,177
272,177,268,177
271,173,268,177
271,177,267,177
271,177,267,177
271,177,267,177
271,177,267,177
271,177,267,177
271,177,267,177
271,177,266,177
271,177,267,177
271,176,267,177
270,177,267,177
270,176,267,176
270,177,266,176
270,177,266,176
270,177,266,177
269,177,266,177
270,176,266,176
270,176,265,176
270,173,266,176
270,176,266,174
269,173,266,176
269,176,265,174
269,176,265,174
269,176,265,174
269,176,265,176
269,176,265,176
269,176,265,176
269,176,265,176
269,177,265,176
268,176,265,177
268,176,264,176
268,176,264,176
268,176,264,176
268,176,264,176
268,176,264,176
268,176,264,176
268,176,264,176
267,176,264,176
267,176,263,176
267,176,263,176
267,176,263,176
267,176,263,176
267,176,263,176
266,173,263,176
267,176,263,172
267,176,263,176
267,175,263,176
266,176,263,175
267,175,262,176
266,176,263,175
266,176,262,175
266,176,262,176
266,175,262,175
265,176,262,175
266,175,261,176
266,175,262,175
266,175,262,175
265,172,262,175
265,175,261,172
265,175,261,175
265,175,261,175
265,175,261,175
265,175,261,175
265,175,261,175
265,175,261,175
265,175,261,175
264,175,261,175
264,175,260,175
264,175,260,175
264,175,260,175
264,175,260,175
264,175,260,175
264,172,260,175
264,175,260,175
264,175,260,175
264,175,260,175
263,175,259,175
263,175,259,175
263,175,259,175
263,175,259,175
262,174,259,175
263,174,258,172
263,174,259,175
263,175,259,174
263,174,259,175
263,174,259,174
262,175,259,174
262,175,258,175
262,175,258,175
262,175,258,174
262,175,258,175
262,171,257,172
262,174,258,174
273,170,258,174
262,174,257,170
261,175,258,174
261,175,257,175
261,175,257,175
261,174,257,175
261,174,257,174
261,174,257,174
261,174,256,175
261,174,256,175
260,174,256,174
260,174,256,174
260,174,256,174
260,174,256,174
260,174,256,174
260,174,256,174
260,174,256,174
260,174,256,174
259,169,256,174
259,174,255,174
260,174,255,174
259,174,255,171
259,174,255,174
260,174,255,174
259,174,255,174
259,174,255,174
258,174,254,174
259,174,255,174
258,174,255,174
258,174,255,174
259,174,254,174
259,174,255,174
258,174,255,174
258,174,254,174
258,174,254,174
258,174,254,174
258,174,254,174
258,174,254,174
258,174,254,174
258,174,254,174
258,173,254,173
258,173,254,173
257,173,254,173
257,173,253,174
257,174,253,169
257,174,253,174
257,174,253,174
257,174,253,174
257,173,252,174
256,173,253,173
256,170,252,173
256,173,252,169
257,173,252,173
256,173,252,173
256,173,252,173
256,173,252,173
255,174,252,173
255,173,251,174
268,173,252,173
255,173,252,174
255,173,251,173
255,173,251,173
255,173,251,173
255,173,251,173
255,173,251,173
255,173,251,173
255,173,251,173
255,173,251,173
254,173,250,173
254,173,250,173
254,173,250,173
254,173,250,173
254,173,250,173
254,173,250,173
254,172,249,173
254,172,249,173
254,173,250,172
254,172,250,172
254,172,250,172
254,172,250,172
253,173,250,172
253,173,249,173
253,173,249,173
253,172,249,173
253,173,249,172
253,169,248,172
253,169,249,169
252,169,249,172
252,169,248,173
252,173,249,172
252,169,248,172
252,172,248,173
252,172,248,172
252,172,248,173
251,173,248,172
252,172,247,173
252,172,247,172
251,172,248,172
251,172,248,172
251,172,247,172
251,172,247,172
252,169,247,172
251,172,248,172
251,172,247,172
251,172,247,172
251,172,247,172
251,172,247,172
250,172,247,172
250,172,247,173
250,172,246,172
250,172,246,172
250,172,246,172
250,172,246,172
250,172,246,172
250,172,246,172
250,172,246,172
250,172,246,172
249,169,246,172
249,172,245,172
249,172,245,172
249,172,245,172
249,172,245,172
249,172,245,172
249,172,245,172
249,172,245,172
249,172,245,172
249,171,245,172
249,171,244,172
249,171,245,171
249,171,245,171
248,172,245,171
248,172,244,172
248,172,244,172
247,171,244,172
247,172,244,171
261,172,258,171
261,167,258,171
261,169,244,171
247,169,244,171
247,171,243,172
247,172,243,171
247,172,243,172
247,171,243,171
247,171,243,171
247,171,243,171
246,172,243,171
247,171,242,171
247,171,242,171
246,171,242,171
246,171,242,171
246,171,242,171
246,171,242,171
246,171,242,171
246,171,242,171
246,171,242,171
246,171,242,171
246,171,242,171
245,171,242,171
246,171,241,171
245,171,241,171
245,171,241,172
245,171,241,171
245,171,241,171
245,171,241,171
245,171,241,171
245,171,241,171
245,171,241,171
244,171,241,171
244,171,240,171
244,171,240,171
244,171,240,171
244,171,240,171
244,171,240,171
244,171,240,171
243,170,240,171
244,171,239,171
244,171,240,171
244,170,240,171
244,170,240,170
244,170,239,171
244,170,240,170
243,171,239,170
243,171,239,171
243,171,239,171
243,170,239,171
242,171,239,170
243,170,239,170
243,170,239,170
242,167,239,170
242,171,238,171
242,171,238,171
242,171,238,170
242,171,238,170
242,170,238,171
242,170,238,170
242,170,238,170
241,170,238,170
255,170,238,170
242,170,238,170
241,170,237,170
241,166,237,170
241,170,237,170
241,170,237,170
242,170,237,170
241,170,238,165
241,170,237,170
241,170,237,170
241,170,237,170
241,170,237,170
241,170,237,170
241,170,236,170
240,171,236,170
240,170,236,170
240,170,236,170
240,170,236,170
240,170,236,170
240,170,236,170
240,170,236,170
240,170,236,170
240,170,236,170
239,170,235,170
239,170,236,170
239,170,235,170
239,170,235,170
239,170,235,170
239,170,235,170
238,166,235,170
253,169,234,169
253,169,235,170
239,169,235,169
238,169,235,169
238,169,235,169
239,169,234,170
238,170,235,169
238,170,1,170
238,170,234,170
238,170,234,170
238,170,234,170
238,169,234,170
238,169,234,169
238,170,234,169
238,170,234,165
238,169,234,169
237,170,234,169
237,169,233,170
237,170,233,170
237,169,233,170
237,169,233,169
237,169,246,169
236,169,232,170
236,170,233,169
236,169,232,169
237,168,233,169
236,169,246,165
236,169,232,169
236,169,232,169
236,169,232,169
236,169,232,169
236,169,232,169
236,169,232,169
236,169,232,169
236,169,232,169
236,169,232,169
236,169,232,169
235,169,231,169
235,169,231,169
235,169,231,169
235,169,231,169
235,169,231,169
235,169,231,169
235,169,231,169
235,169,231,169
235,169,231,169
235,169,231,169
234,169,231,169
234,169,230,169
234,169,230,169
234,169,230,169
234,169,230,169
234,169,230,169
234,169,230,169
234,169,230,169
234,169,229,165
234,169,230,169
234,169,230,169
233,165,230,169
233,169,229,169
233,169,229,169
233,169,229,169
233,169,229,169
233,169,229,169
233,169,229,169
233,169,229,169
233,169,229,169
233,169,229,169
233,169,229,169
232,169,229,169
232,169,229,168
233,168,228,169
232,168,229,168
232,169,228,169
232,169,228,169
232,169,228,169
232,169,228,169
231,169,228,168
232,165,228,168
232,169,228,168
232,169,240,166
232,168,228,166
231,168,228,168
231,169,228,168
231,169,227,169
231,168,227,169
231,168,227,168
231,168,227,168
231,168,227,168
231,168,227,168
230,169,226,169
231,169,226,169
230,164,226,168
230,168,226,165
230,168,227,168
231,168,226,168
230,165,226,168
230,168,227,168
230,168,226,168
230,168,226,168
230,168,226,168
242,168,226,168
230,168,226,168
229,169,226,168
230,169,225,169
230,169,226,169
229,168,225,168
229,168,225,168
229,168,225,168
229,168,225,168
229,168,225,168
229,168,225,168
229,168,225,168
229,168,225,168
229,168,225,168
228,168,225,168
229,168,224,168
228,168,224,165
228,168,224,168
228,168,224,165
228,168,224,168
228,168,224,168
228,168,224,168
228,168,224,168
228,168,224,168
228,168,224,168
228,168,224,168
228,168,224,168
227,168,223,168
227,168,223,168
227,168,223,168
227,168,223,168
227,168,223,168
227,168,223,168
226,168,223,168
226,168,223,168
226,167,223,168
227,167,222,165
227,167,222,165
227,167,223,167
227,167,223,168
227,167,222,168
226,168,223,167
226,168,223,167
226,168,222,168
226,168,222,168
226,167,222,168
226,168,222,168
225,164,222,167
225,168,222,165
225,164,221,168
226,167,221,168
226,167,232,165
225,168,222,167
225,168,221,168
225,168,221,168
225,167,221,168
225,167,221,168
225,167,221,167
224,168,221,168
224,167,221,167
224,167,221,167
224,168,220,167
225,164,220,167
225,167,221,167
224,167,221,167
224,167,220,167
224,167,220,167
224,168,220,167
224,167,220,167
224,167,220,165
224,167,220,167
224,167,220,167
224,167,220,167
224,168,220,167
223,167,219,168
223,167,220,167
223,167,219,167
223,167,219,167
223,167,219,167
223,167,219,167
224,168,219,167
223,167,219,167
223,167,220,165
223,167,219,167
223,167,219,167
223,167,219,167
223,167,219,167
223,167,219,167
223,167,219,167
222,167,218,167
222,167,219,167
222,167,226,167
222,167,218,167
222,167,218,167
222,167,218,167
222,167,218,167
222,167,218,167
222,167,218,167
222,167,218,167
222,167,218,167
221,165,218,167
221,167,217,167
221,167,217,167
221,167,217,167
221,167,217,167
221,167,217,167
221,167,217,167
221,167,217,167
221,164,217,167
221,167,217,167
221,167,217,167
221,167,217,165
221,167,217,167
220,167,217,167
220,167,217,167
220,167,216,167
220,167,216,167
220,167,216,167
220,167,216,167
220,167,216,165
220,167,216,167
220,166,216,167
220,166,216,167
220,165,216,165
220,166,216,167
219,167,216,165
219,166,216,166
219,167,215,167
220,166,215,167
219,167,215,167
219,167,215,166
219,167,215,167
219,167,215,167
219,167,215,167
219,166,215,167
219,167,215,167
219,166,215,167
219,164,215,167
219,165,215,165
218,166,215,165
218,166,215,165
218,167,215,167
218,167,214,167
218,167,214,167
218,167,214,167
218,166,214,167
218,166,214,167
218,166,214,166
218,166,214,166
218,166,214,166
218,166,214,166
218,166,214,166
218,166,214,166
217,166,214,166
217,167,214,166
217,166,214,166
217,166,214,166
217,167,213,166
217,167,213,166
217,166,213,166
217,166,213,167
217,166,213,166
217,166,213,167
217,166,213,166
217,166,213,166
217,166,213,166
217,166,213,166
216,167,213,166
216,166,213,166
216,166,213,166
216,166,213,166
216,166,212,166
216,166,212,166
216,166,212,166
216,166,212,166
216,166,212,166
216,166,212,166
216,166,212,166
216,166,212,166
216,166,212,166
216,166,212,166
215,166,212,166
215,166,212,166
215,166,212,166
215,166,212,166
215,166,211,166
215,166,211,166
215,166,211,166
215,166,211,166
215,166,211,166
215,166,211,166
215,166,211,166
215,166,211,166
215,166,211,166
215,166,211,166
214,167,211,166
215,166,211,166
214,166,211,166
214,166,210,167
214,166,210,167
214,166,210,166
214,166,210,166
214,166,210,166
214,166,210,166
214,166,210,166
214,166,210,166
214,166,210,166
214,166,210,166
214,166,210,166
214,166,210,166
214,166,210,166
213,166,210,166
213,166,210,166
213,166,210,166
213,166,209,166
213,166,209,166
213,166,209,166
213,166,209,166
213,166,209,166
213,166,209,166
213,166,209,166
213,166,209,166
213,166,209,166
213,166,209,166
212,166,209,166
213,166,209,166
212,166,209,166
212,166,209,166
212,166,208,166
212,166,208,166
212,166,208,166
212,166,208,166
212,166,208,166
212,166,208,166
211,1,208,166
212,166,208,166
212,166,208,166
212,166,208,166
212,166,208,166
212,166,208,166
211,166,208,166
211,166,1,166
211,166,207,166
1,1,1,1
1,1,1,1
1,1,1,1
1,1,1,1
1,1,1,1
