507,262,504,261
507,261,504,261
507,262,503,261
507,260,503,261
507,261,503,261
507,262,503,261
507,261,503,262
506,262,503,261
506,261,503,261
506,261,503,261
506,261,502,262
508,260,502,261
506,261,503,261
506,261,503,261
506,261,502,261
506,260,503,261
506,261,503,261
506,261,503,262
506,261,503,261
506,261,502,261
506,261,502,261
506,261,502,261
506,261,502,261
506,261,502,261
506,261,502,261
506,261,502,261
505,261,502,261
506,256,502,261
505,261,502,261
505,261,501,261
505,261,501,261
505,261,501,261
505,261,501,261
505,261,501,261
505,261,501,261
505,261,501,261
505,261,501,261
505,261,501,261
505,256,501,261
505,256,501,260
505,256,501,260
505,256,501,260
505,260,500,255
505,260,503,255
504,256,501,260
504,260,500,260
504,260,500,260
504,260,500,260
504,260,500,260
504,260,500,260
504,260,500,260
504,260,500,260
504,260,500,260
504,260,500,260
504,260,500,260
503,261,500,260
504,260,500,260
503,260,500,260
503,260,500,260
503,260,499,260
503,260,499,260
503,260,499,260
503,260,499,260
503,260,499,260
503,259,499,260
503,260,499,260
503,259,499,259
503,259,503,259
503,260,499,259
503,259,499,259
503,259,499,259
502,260,499,259
502,260,498,260
502,259,498,260
502,260,498,259
502,259,498,260
502,259,498,259
502,260,498,259
502,259,498,259
502,259,498,259
502,259,498,259
502,259,498,259
501,259,498,259
501,259,497,259
501,259,498,259
502,259,498,259
501,259,498,259
501,259,497,259
501,259,497,259
501,259,497,259
501,259,497,259
501,259,497,259
501,259,497,249
500,249,496,250
501,259,497,250
501,249,497,249
501,249,496,259
507,249,497,249
500,259,496,259
500,258,496,258
500,258,496,258
499,259,495,259
499,259,495,259
499,259,495,259
499,259,496,259
499,259,495,259
499,259,495,259
499,259,495,259
499,258,495,258
499,258,495,258
499,258,495,259
499,258,495,258
499,259,495,258
499,258,495,259
499,259,495,259
499,259,495,259
498,259,494,258
498,258,494,258
498,258,494,258
498,258,494,258
498,258,494,258
498,258,494,258
498,258,494,258
498,258,494,258
498,258,494,258
498,258,494,258
498,258,494,258
498,258,494,257
498,258,494,257
498,257,494,257
498,258,494,257
498,258,494,257
498,258,494,257
498,258,494,257
498,257,503,258
497,257,493,258
497,257,493,258
497,257,493,258
507,258,493,257
496,244,493,258
497,258,493,257
497,258,493,257
497,257,492,258
496,258,493,257
497,257,493,257
507,257,492,257
496,257,492,257
496,242,493,257
497,257,492,257
496,257,492,257
496,257,492,257
496,257,492,257
496,257,492,257
496,257,492,257
496,257,492,257
496,257,492,257
496,257,492,257
496,257,491,257
495,257,491,257
495,257,491,257
495,257,491,257
495,257,491,257
495,257,491,257
495,257,491,257
495,257,491,257
495,257,491,257
495,257,491,257
495,257,491,241
495,256,490,257
495,239,490,257
494,257,491,256
495,256,490,257
494,257,490,256
494,256,490,256
494,256,490,256
494,256,490,256
494,256,490,256
494,256,490,256
494,256,490,256
494,256,490,256
494,256,490,256
494,256,489,257
493,256,489,256
493,257,489,256
493,256,489,256
493,256,489,256
493,256,489,256
493,256,489,256
492,255,489,256
493,256,489,256
507,255,488,256
506,255,488,256
492,256,488,256
492,256,488,256
492,256,488,256
492,256,488,256
492,256,488,256
492,256,488,256
492,256,488,256
492,256,488,255
492,255,488,255
492,255,488,237
491,255,487,255
491,255,487,255
492,255,487,255
491,255,487,255
491,255,487,255
491,255,487,255
491,255,487,255
491,255,487,255
491,255,487,255
491,255,487,255
491,255,486,255
491,255,486,256
491,255,486,255
490,235,486,255
490,235,486,255
490,255,486,255
490,255,486,255
490,255,486,254
490,255,485,254
489,255,486,254
490,255,486,254
490,255,485,255
489,255,485,255
490,254,485,255
490,254,485,255
489,255,485,255
489,255,485,254
489,254,485,255
489,254,485,254
489,254,485,254
489,254,484,254
489,254,484,254
488,232,485,254
489,254,484,233
489,254,484,254
488,254,484,254
488,254,484,254
488,254,484,254
488,254,484,254
488,254,484,254
488,254,484,254
488,254,483,254
488,254,483,254
488,254,483,254
487,254,483,254
487,254,483,254
487,254,483,254
487,254,483,254
487,254,483,254
487,254,483,254
487,254,483,232
487,254,483,253
487,253,482,254
487,253,482,254
487,253,482,253
487,253,482,253
486,253,482,253
486,253,482,253
486,253,482,253
486,253,482,253
486,253,482,253
485,253,481,253
486,253,481,253
486,253,481,253
486,253,481,253
486,254,481,253
485,253,481,253
485,253,481,253
485,253,481,253
485,253,481,253
484,253,481,253
485,252,480,253
485,253,480,253
484,253,480,253
484,252,480,253
484,253,480,253
484,252,480,253
484,253,480,253
484,253,480,253
484,253,480,252
484,252,480,252
484,252,479,252
484,252,479,253
483,252,479,252
483,252,479,252
483,252,479,252
483,252,479,252
483,252,479,252
483,252,479,252
483,252,479,252
483,252,478,252
483,252,478,252
483,252,478,252
482,252,478,252
483,228,478,252
482,252,478,252
482,252,478,252
482,252,499,252
482,252,477,252
482,252,477,252
482,252,477,252
482,252,477,252
502,251,477,252
481,252,477,252
482,251,477,252
481,252,477,252
481,251,477,251
481,251,476,251
481,252,476,252
480,252,477,251
481,251,477,251
481,251,476,252
481,251,476,251
481,251,476,251
480,251,475,252
480,251,476,251
480,251,476,251
480,251,476,251
480,251,475,251
480,251,475,251
480,251,475,251
479,251,475,251
479,251,475,250
479,251,475,251
479,251,475,251
479,251,475,250
479,251,474,251
478,251,475,250
479,251,474,250
479,251,474,250
478,222,474,251
479,250,474,250
479,250,473,251
478,250,474,250
478,250,474,250
478,250,473,250
478,250,473,223
478,250,473,250
477,250,473,250
477,222,473,250
477,250,473,250
477,250,472,251
476,251,472,251
477,250,472,251
477,250,473,250
476,249,472,250
502,249,472,250
476,250,472,250
476,249,472,250
476,250,472,250
476,250,472,250
476,250,472,250
476,250,471,249
476,250,471,250
476,222,472,249
476,249,471,249
475,249,471,250
476,220,471,249
476,249,470,250
476,249,471,249
475,249,470,249
475,249,471,249
474,250,470,249
475,249,470,249
475,249,470,249
474,249,470,249
474,250,470,249
474,249,470,249
474,249,470,249
474,249,470,249
474,249,469,249
474,248,469,249
474,249,469,249
474,248,469,249
501,249,469,249
474,248,468,249
473,249,469,249
473,249,469,249
473,249,468,248
473,249,469,248
473,248,468,248
473,248,468,248
473,248,468,248
472,248,467,248
472,248,468,248
472,217,468,248
472,249,467,248
472,248,467,248
472,248,467,248
472,248,467,248
471,248,467,248
471,248,467,248
472,249,467,248
472,247,466,247
471,248,467,248
471,248,466,248
471,248,466,248
471,248,466,248
471,248,466,248
470,248,466,248
470,247,466,217
471,247,466,248
470,248,497,217
470,248,465,247
470,248,465,248
470,247,465,247
470,247,465,247
470,247,465,247
469,217,464,248
469,247,465,247
469,217,465,247
469,247,464,214
469,247,464,247
469,247,464,247
468,248,464,247
468,248,464,247
469,247,464,247
468,247,463,247
468,247,464,246
468,247,463,247
468,247,463,247
467,247,463,247
468,247,463,247
468,247,463,247
468,246,463,246
467,247,463,247
467,246,462,246
467,246,462,214
467,246,463,246
466,247,462,246
467,246,462,246
467,246,462,246
467,217,462,246
467,246,462,246
466,246,462,246
466,246,461,246
466,246,461,246
466,246,461,246
466,246,461,246
466,246,461,246
465,246,461,245
465,246,460,246
465,246,461,245
465,246,460,246
465,246,460,246
465,245,460,246
465,246,460,245
465,246,460,246
464,246,460,245
464,245,460,245
464,245,459,245
464,245,459,245
464,246,460,245
464,245,459,245
464,245,459,245
464,245,459,245
463,245,459,245
463,245,459,245
463,245,458,245
463,245,458,245
463,245,458,245
463,245,458,245
462,245,458,244
462,245,458,245
462,245,457,245
462,245,457,245
462,245,457,245
462,245,457,245
462,244,457,245
462,245,457,245
497,244,457,244
461,245,457,244
461,245,456,244
461,244,456,244
461,244,456,210
461,244,456,244
461,244,456,244
461,244,456,244
461,244,456,244
460,244,456,244
460,244,456,244
460,244,455,244
460,244,455,244
459,243,455,244
460,244,455,244
459,243,455,244
459,244,455,244
459,244,455,243
459,244,455,209
459,244,454,244
459,243,454,244
459,244,454,243
459,243,454,243
459,208,454,244
459,243,454,209
457,244,453,243
458,243,453,243
458,243,453,243
458,243,453,243
458,243,453,243
458,243,453,243
457,243,453,243
457,243,453,243
456,243,452,243
457,243,452,243
457,243,452,243
494,242,452,243
457,242,452,243
457,242,451,243
456,243,452,242
456,243,452,242
456,243,451,243
456,206,451,243
456,243,451,243
455,242,451,243
455,242,450,242
456,242,489,206
456,243,450,243
454,242,451,242
455,242,449,243
454,242,449,243
454,242,450,242
454,242,449,242
455,243,449,242
454,241,450,206
454,241,449,241
454,242,449,241
454,241,449,241
453,242,449,241
454,242,449,241
454,241,448,241
453,241,449,241
453,241,448,241
453,241,448,241
453,241,448,241
452,241,447,241
452,241,447,241
452,241,447,241
452,241,447,241
452,241,447,241
452,241,446,241
451,241,446,241
451,241,446,241
451,241,446,241
451,241,446,241
451,241,446,241
451,241,446,241
451,241,446,241
451,241,446,241
451,241,446,241
450,240,446,241
450,241,445,241
450,241,445,240
450,241,445,241
450,241,445,241
450,241,445,241
449,240,444,240
449,240,444,240
449,240,444,240
449,240,444,240
449,240,444,240
449,240,443,240
448,240,444,240
448,240,443,240
448,240,443,240
448,240,443,240
448,240,443,240
448,240,443,240
448,240,443,240
448,240,443,240
447,240,443,240
447,240,442,240
447,240,442,240
447,240,442,240
447,240,442,240
447,240,442,240
447,240,442,240
446,239,441,239
446,239,441,239
446,240,441,239
445,240,441,239
445,240,440,240
445,240,440,240
445,239,440,240
445,239,440,239
445,240,440,239
445,239,440,240
444,239,439,239
444,239,439,239
444,200,439,239
444,239,439,239
444,239,439,239
445,238,439,239
443,239,438,239
443,239,438,239
443,239,438,239
443,239,438,239
443,238,439,238
443,239,439,238
444,239,439,239
443,239,438,238
443,238,438,238
442,239,438,238
443,238,438,238
443,238,438,238
442,238,438,238
441,239,436,239
442,238,437,238
442,238,437,238
442,238,437,238
441,238,436,238
441,238,436,238
441,238,436,238
441,238,436,238
441,238,436,238
441,238,436,238
441,237,436,237
440,237,435,237
440,237,435,237
440,237,435,237
440,237,435,237
440,237,435,237
440,237,435,237
440,237,435,237
440,237,435,237
440,236,434,237
440,237,435,237
439,237,434,237
439,237,434,237
439,237,434,237
439,237,433,237
439,236,433,237
438,237,433,237
438,237,433,237
438,236,433,237
438,236,433,236
438,236,432,237
438,236,432,236
437,236,432,236
437,236,432,236
437,236,432,236
436,236,432,236
437,236,432,236
437,236,432,236
436,236,432,236
436,236,432,235
436,236,431,236
436,236,431,236
436,236,430,236
435,236,430,236
436,235,431,235
435,236,430,236
435,236,430,236
435,236,430,236
435,235,430,235
435,235,429,235
435,236,429,235
434,236,429,236
434,235,429,235
434,235,429,235
434,235,429,235
434,235,429,235
434,235,428,235
433,235,428,235
433,235,428,235
433,235,428,235
433,235,428,235
433,235,428,235
432,235,427,235
432,235,427,235
432,235,427,235
432,235,427,235
432,234,427,235
432,234,427,235
432,194,426,234
431,234,426,235
431,234,426,234
431,234,426,234
431,234,426,234
431,234,426,234
431,234,426,234
431,234,425,234
430,234,425,234
430,234,425,234
430,234,425,234
430,234,425,234
430,234,424,234
429,234,424,234
429,234,424,234
429,234,424,234
429,234,424,234
429,234,424,233
429,234,424,233
428,233,423,233
428,233,423,233
428,233,423,233
428,233,423,233
428,233,423,233
428,233,423,233
428,233,422,233
427,233,422,233
427,233,422,233
427,233,422,233
427,233,422,233
426,233,421,233
426,233,421,233
426,233,421,233
426,233,421,233
426,233,421,233
426,233,421,233
426,232,420,232
426,233,420,232
425,232,420,232
425,232,420,233
425,232,420,232
425,232,420,232
425,232,420,232
425,232,419,232
424,232,419,232
424,232,419,232
424,232,419,231
424,232,418,232
424,232,419,232
423,232,418,232
423,232,418,232
423,232,418,232
423,232,418,232
423,232,418,232
423,231,417,231
422,231,418,231
422,231,417,232
422,231,417,231
422,231,417,231
422,231,417,231
422,231,417,231
422,231,416,231
421,231,416,231
421,231,416,231
421,231,415,232
421,231,416,231
421,231,415,231
421,231,415,231
420,231,415,231
420,231,415,231
420,231,415,230
420,231,415,231
420,231,414,230
419,231,414,230
419,231,414,231
419,230,414,230
419,230,414,230
419,230,414,230
419,230,413,230
418,230,413,230
418,230,413,230
418,230,413,230
418,229,412,230
417,230,412,230
418,229,413,230
417,230,412,230
417,230,412,230
417,230,412,230
417,230,412,230
417,230,411,230
417,230,411,229
416,229,411,230
416,229,411,229
416,230,411,229
416,229,411,229
416,229,410,229
416,229,410,229
415,229,410,229
415,229,409,229
415,229,410,229
415,229,410,228
415,229,409,229
414,229,409,229
414,228,409,229
414,229,409,229
414,229,409,229
414,228,409,229
414,229,409,228
413,229,408,229
413,228,408,229
413,229,408,228
413,228,408,229
413,228,407,228
413,228,408,228
412,228,407,228
412,229,407,228
412,228,407,228
411,228,407,228
411,227,406,228
411,228,406,228
412,228,406,228
411,228,406,228
411,228,405,228
411,228,405,228
410,228,405,228
411,227,405,228
410,227,405,227
410,228,405,227
410,227,405,228
409,227,404,227
410,227,404,227
409,227,404,227
409,227,404,227
409,227,404,227
409,227,404,227
474,227,403,227
409,226,403,227
409,227,403,227
409,227,403,227
408,227,403,227
408,227,402,227
408,227,402,227
407,226,402,227
407,227,402,227
407,226,402,226
407,227,402,227
406,227,401,226
407,226,401,227
406,226,401,226
406,226,400,227
406,226,401,226
406,226,400,226
406,226,400,226
405,226,400,226
405,226,399,226
406,227,399,226
405,226,400,226
405,226,399,226
405,226,399,226
405,225,399,226
404,226,399,226
404,226,399,225
404,225,398,225
403,225,398,181
403,225,398,225
403,226,398,225
403,225,398,225
403,225,398,225
403,225,397,225
403,225,397,225
402,225,397,224
402,225,397,225
402,225,396,225
402,225,397,225
401,225,397,224
401,225,396,225
401,225,396,225
401,225,396,224
401,225,395,225
401,224,395,225
400,224,395,225
400,224,395,224
400,224,395,224
400,224,395,224
399,225,394,224
400,224,394,180
399,224,394,224
399,224,394,224
399,224,393,224
398,224,394,224
399,224,393,224
399,224,393,224
398,224,393,224
398,224,393,224
398,224,392,224
398,224,392,223
398,224,392,224
397,224,392,224
397,223,392,223
397,223,392,223
397,223,392,180
397,223,391,223
397,223,391,223
396,223,391,223
396,223,464,223
396,223,391,223
396,223,390,223
396,222,390,223
395,223,390,223
396,223,390,223
395,223,390,223
395,223,389,223
395,223,389,222
394,223,389,223
395,222,389,223
394,223,389,222
394,222,389,222
394,222,388,222
394,222,388,222
393,222,388,222
393,222,388,222
393,223,388,222
393,222,387,222
392,222,387,222
392,222,387,222
392,222,387,222
392,222,387,222
392,222,386,222
392,222,386,222
392,222,386,222
391,222,386,222
391,222,386,221
391,221,386,222
391,221,385,221
391,221,385,221
390,221,385,221
390,221,385,221
390,221,385,221
390,221,384,221
390,221,384,221
389,221,384,221
390,221,384,221
389,221,384,221
389,221,384,221
388,221,383,221
388,221,383,221
388,221,383,221
388,221,383,220
388,220,382,221
388,220,382,220
387,220,382,221
387,220,382,220
387,220,382,220
387,220,382,220
387,220,381,220
387,220,381,220
386,220,381,219
387,220,381,220
386,220,381,220
386,220,380,220
386,220,379,220
386,220,380,220
385,220,380,220
385,220,380,220
385,220,380,220
385,219,379,219
385,220,379,220
384,219,379,219
384,220,379,220
384,219,378,219
384,219,378,219
384,219,378,219
383,219,378,219
383,219,378,219
383,219,377,219
383,219,377,219
382,219,377,219
382,219,377,219
382,219,377,219
382,218,376,219
382,219,376,219
382,219,376,219
381,219,376,219
381,219,376,219
381,219,376,218
381,218,375,218
381,218,375,218
381,218,375,218
380,218,375,218
380,218,375,218
380,218,375,218
380,218,374,218
379,218,374,218
379,218,374,218
379,218,374,218
379,218,374,218
379,218,373,218
378,218,373,218
379,218,373,218
378,217,373,218
378,218,373,218
378,217,372,218
378,218,372,217
377,217,372,217
377,217,372,217
377,217,372,217
377,217,371,217
377,217,371,217
377,217,371,217
376,217,371,216
376,217,370,217
376,217,371,217
376,217,370,217
375,217,370,217
375,217,370,217
375,217,370,217
375,216,369,217
375,217,369,217
375,217,369,217
374,216,369,216
374,216,369,216
374,216,369,216
374,216,368,216
374,216,368,216
373,216,368,216
373,216,368,216
373,216,368,216
373,216,367,216
373,216,367,216
372,216,367,216
372,216,367,216
372,216,366,216
372,216,366,216
372,216,366,215
371,216,366,216
371,215,366,215
371,215,365,215
371,215,365,215
371,215,365,215
371,215,365,215
370,215,365,215
370,215,365,215
370,215,364,215
370,215,364,215
370,215,364,215
369,215,364,215
369,215,364,215
369,215,364,215
369,215,363,215
368,215,363,215
368,214,363,215
368,214,363,214
368,215,363,215
368,214,362,214
368,214,362,214
367,214,362,214
367,215,362,214
367,214,362,214
367,214,361,214
366,214,361,214
366,214,361,214
366,214,361,214
366,214,360,214
366,214,360,214
365,214,360,214
365,214,360,214
365,214,360,214
365,214,359,214
365,214,359,213
365,213,359,214
364,213,359,214
364,213,359,213
364,213,359,213
364,213,358,213
364,213,358,213
364,213,358,213
363,213,358,213
363,213,358,213
363,212,357,213
363,213,357,213
363,213,357,213
362,213,357,213
362,213,356,213
362,213,356,213
362,213,356,212
362,213,356,213
361,213,356,213
361,212,356,213
361,213,355,212
361,212,355,213
361,212,355,212
360,212,355,212
360,212,355,212
360,212,354,212
360,212,354,212
360,212,354,212
359,212,354,212
359,211,354,212
359,212,354,212
359,212,353,212
359,212,353,212
358,212,353,212
358,211,353,211
358,211,353,212
358,211,352,211
358,211,352,211
357,211,352,212
357,211,352,211
357,211,352,211
357,211,351,211
356,211,351,211
356,211,351,210
356,211,351,210
356,211,351,211
356,211,350,211
356,211,350,211
356,211,350,211
355,211,350,211
355,211,349,211
355,211,349,211
355,210,349,210
354,210,349,211
354,210,349,210
354,210,349,210
354,210,348,210
354,210,348,210
354,210,348,210
353,210,348,210
353,209,347,210
353,209,347,210
353,210,347,210
353,210,347,210
352,210,347,210
352,210,347,210
352,210,346,210
352,210,346,210
352,210,346,210
351,210,346,210
352,209,346,210
351,210,345,209
351,210,345,209
351,209,345,209
350,209,345,210
350,209,345,209
350,209,344,209
350,209,344,209
349,209,344,209
349,209,344,209
349,209,344,209
349,209,344,208
349,209,343,209
348,209,343,209
348,209,343,209
348,166,343,209
348,209,343,209
348,209,343,208
347,208,342,209
347,208,342,208
347,209,342,208
347,208,341,208
347,208,341,208
347,208,341,208
346,208,341,207
346,208,341,208
346,208,340,207
346,208,340,208
346,208,340,208
346,208,340,208
345,208,340,208
345,208,339,208
345,208,339,208
345,208,339,207
344,208,339,207
344,207,339,207
344,207,338,207
344,208,338,207
344,207,338,207
344,164,338,208
343,207,338,207
343,207,338,207
343,206,337,207
342,207,337,206
343,207,337,207
342,207,337,207
342,207,337,207
342,207,336,207
342,207,336,207
341,207,336,207
341,206,336,207
341,206,335,206
341,164,335,206
341,206,335,207
340,206,335,207
340,206,335,207
340,206,335,206
340,206,334,206
339,207,334,206
340,206,333,205
339,206,334,206
339,206,334,206
339,206,333,206
339,206,333,205
339,206,333,206
338,206,333,206
338,206,333,206
338,206,333,206
338,206,332,205
338,205,332,206
337,205,332,205
337,205,331,205
337,205,331,205
337,205,331,206
337,205,331,205
336,205,331,205
336,205,331,205
336,205,331,205
336,205,330,205
336,205,330,205
335,205,330,205
335,205,330,205
335,205,330,205
335,205,329,205
335,205,329,204
334,205,329,205
334,205,329,205
334,205,328,204
334,205,328,204
334,205,328,204
333,204,328,205
333,204,328,204
333,204,327,204
333,204,327,204
333,204,327,204
332,203,327,204
332,204,327,203
332,204,327,204
332,204,326,204
332,204,326,204
332,204,326,204
332,204,326,204
331,204,325,204
331,204,325,203
331,204,325,204
331,204,325,204
330,203,325,203
330,203,324,203
330,203,324,203
330,203,324,203
330,203,324,203
329,203,324,204
329,203,324,203
329,203,323,203
329,202,323,203
329,202,323,203
328,203,323,203
328,203,323,203
328,203,322,203
328,203,322,203
328,203,322,203
327,202,322,203
327,202,322,203
327,203,321,203
327,202,321,203
327,202,321,203
326,202,321,203
326,203,321,202
326,202,320,202
326,202,320,202
326,202,320,202
325,202,320,202
325,202,320,202
325,202,320,202
325,202,319,202
324,203,319,202
325,202,319,202
324,202,318,202
324,202,318,202
324,202,318,202
324,201,318,201
324,202,318,202
323,202,318,201
323,201,317,201
323,201,317,201
323,201,317,201
323,201,317,201
322,201,317,201
322,201,317,201
322,201,316,201
322,201,316,201
322,200,316,201
321,201,316,201
321,200,316,201
321,202,315,201
321,201,315,201
321,201,315,201
320,200,315,201
320,201,315,201
320,201,314,200
320,200,314,201
319,200,314,200
319,200,314,201
319,201,314,200
319,200,313,200
319,200,313,200
319,200,313,200
318,200,313,200
318,200,313,200
318,200,313,200
318,200,312,200
318,200,312,200
318,200,312,200
317,200,312,200
317,200,311,200
317,200,311,200
317,200,311,199
316,199,311,199
316,199,311,200
316,199,310,199
316,200,310,199
316,199,310,199
316,199,310,199
315,199,310,200
315,199,310,199
315,199,310,199
315,199,309,199
315,199,309,199
314,199,309,199
314,199,308,199
314,199,308,199
314,199,308,199
314,199,308,199
313,199,308,199
313,199,308,199
313,199,307,199
313,199,307,199
313,198,307,199
312,198,307,198
312,198,307,198
312,198,306,198
312,198,306,198
312,198,306,198
311,198,306,198
311,198,306,198
311,198,305,198
311,198,305,198
311,198,305,198
311,198,305,198
310,198,305,198
310,198,305,198
310,198,304,198
310,198,304,198
310,198,304,198
309,198,304,198
309,198,304,198
309,198,303,198
309,198,303,197
309,197,303,197
309,197,303,197
308,197,303,197
308,197,302,197
308,197,302,197
307,197,302,197
307,197,302,197
307,197,302,197
307,197,302,197
307,197,301,197
307,197,301,197
306,197,301,197
306,197,301,197
306,197,301,197
306,197,300,197
306,197,300,197
306,197,300,196
305,196,300,197
305,196,300,196
305,196,299,196
305,196,299,196
305,196,299,196
305,196,299,196
304,196,298,196
304,196,299,196
304,196,298,196
304,196,298,196
303,196,298,196
303,196,298,196
303,196,298,196
303,196,297,196
303,196,297,196
303,196,297,196
302,196,297,196
302,196,297,195
302,196,296,196
302,196,296,195
302,195,296,195
301,195,296,195
301,195,296,195
301,195,296,195
301,195,295,195
300,195,295,195
301,195,295,195
300,195,295,195
300,195,295,195
300,195,294,195
300,195,294,195
300,195,294,195
300,195,294,195
299,195,294,195
299,195,293,195
299,195,293,195
299,194,293,195
298,195,293,194
298,195,293,195
298,194,293,194
298,195,292,194
298,195,292,194
298,194,292,194
297,194,292,194
297,194,292,194
297,194,292,194
297,194,291,194
296,194,291,194
297,194,291,194
296,194,291,194
296,194,290,194
296,194,290,194
296,194,290,194
295,194,290,194
295,194,290,194
295,194,290,194
295,194,289,194
295,194,289,194
295,194,289,193
294,193,289,193
294,193,289,193
294,193,289,193
294,193,288,193
294,193,288,193
294,193,288,193
293,193,288,193
293,193,288,193
293,193,287,193
293,193,287,193
292,193,287,193
292,193,287,193
292,193,287,193
292,193,286,193
292,193,286,193
292,193,286,193
291,193,286,193
291,193,286,193
291,193,286,193
291,193,286,193
291,192,285,193
290,192,285,192
290,192,285,193
290,192,285,192
290,192,285,192
290,192,284,192
290,192,284,192
289,192,284,192
289,192,284,192
289,192,283,192
289,192,283,192
289,192,283,192
289,192,283,192
288,192,283,192
288,192,283,192
288,192,283,192
288,192,282,192
288,191,282,192
287,192,282,191
287,191,282,192
287,192,282,192
287,192,281,191
287,192,281,191
287,191,281,191
286,191,281,191
286,191,281,192
286,191,281,191
286,191,281,191
286,191,280,191
285,191,280,191
285,191,280,191
285,191,279,191
285,191,280,190
285,191,279,191
285,191,279,191
285,191,279,191
284,191,279,191
284,191,279,191
284,191,278,191
284,191,278,191
284,191,278,190
283,191,278,190
283,190,278,190
283,190,277,190
283,191,277,190
283,190,277,190
283,190,277,190
282,190,277,190
282,190,277,190
282,190,276,190
282,190,276,190
281,190,276,190
281,190,276,190
281,190,276,190
281,190,276,190
281,190,275,190
281,190,275,190
281,190,275,190
280,190,275,190
280,190,275,190
280,190,275,190
280,190,274,189
280,189,275,189
280,190,274,190
279,189,274,190
279,189,274,189
279,189,273,189
279,190,273,189
279,189,273,189
279,189,273,189
278,189,273,189
278,189,273,189
278,189,273,189
278,189,272,189
278,189,272,189
277,189,272,189
277,189,272,189
277,189,272,189
277,189,271,189
277,189,271,189
276,189,271,189
276,188,271,189
276,189,271,189
276,188,271,189
276,189,270,188
276,188,270,189
275,188,270,188
275,188,270,188
275,188,270,188
275,188,270,188
275,188,269,188
275,188,269,188
275,188,269,188
274,188,269,188
274,188,269,188
274,188,269,188
274,188,268,188
274,188,268,188
274,187,268,188
273,188,268,188
273,188,267,188
273,187,267,188
273,188,267,188
273,188,267,188
272,188,267,153
272,188,267,188
272,187,267,187
272,187,267,188
272,187,266,187
271,187,266,187
271,187,266,187
271,187,266,187
271,187,266,187
271,187,266,187
271,187,265,187
270,187,265,187
270,187,265,187
270,187,265,187
269,186,264,187
270,187,264,187
270,187,264,187
270,187,265,186
270,186,264,187
269,187,264,187
269,187,264,187
269,187,263,187
269,187,264,186
269,187,263,187
268,186,263,187
268,186,263,187
268,186,263,186
268,187,262,186
268,186,262,186
267,186,262,186
267,186,262,186
267,186,262,152
267,186,262,186
267,186,262,186
267,186,261,186
266,186,261,186
266,186,261,186
266,186,261,186
265,185,261,185
266,186,261,186
266,186,260,186
265,186,261,185
265,186,261,186
265,186,260,186
265,186,260,185
265,186,259,186
265,186,259,186
265,186,259,186
264,186,259,185
264,186,259,185
264,186,259,185
264,186,258,185
264,185,258,185
264,185,258,185
263,185,258,185
263,185,258,185
263,185,259,186
263,185,257,185
263,185,257,185
263,185,257,185
372,185,257,185
262,185,257,185
262,185,257,185
262,185,257,186
262,185,257,184
262,185,256,185
261,185,256,185
261,185,256,184
261,185,256,185
261,184,255,185
261,185,255,185
261,184,255,185
260,185,255,184
260,184,255,185
260,185,255,185
259,185,255,185
260,185,254,184
259,185,254,185
259,185,254,184
259,185,254,184
259,184,254,184
259,184,254,184
258,184,254,184
258,184,254,184
258,185,254,184
258,184,254,184
258,184,254,184
258,184,254,184
258,184,253,185
258,184,253,183
258,184,252,184
258,184,253,184
258,184,252,183
258,183,252,183
258,184,252,153
257,184,251,184
257,184,251,184
257,184,252,183
257,184,251,183
257,184,251,184
257,183,251,184
256,184,251,183
256,184,250,183
256,183,250,183
255,183,250,183
255,183,250,183
255,183,250,183
255,183,250,183
255,183,249,183
255,183,249,183
254,183,249,183
254,183,249,183
254,183,249,183
254,183,249,183
254,183,248,183
254,183,248,183
254,183,248,183
253,183,248,183
253,183,248,183
253,183,248,183
253,182,248,182
253,183,248,183
253,182,247,183
252,183,248,182
252,182,247,182
253,182,247,183
252,183,247,183
252,183,247,182
252,183,246,182
252,182,246,182
251,182,246,182
251,182,246,182
251,182,246,182
251,182,247,183
251,182,246,182
251,182,245,183
250,182,245,182
250,182,245,182
250,182,245,181
250,182,245,181
250,182,244,182
250,182,244,182
250,182,244,182
249,182,244,182
249,182,244,182
249,182,244,182
249,181,244,182
249,182,244,182
249,182,243,182
249,182,353,181
248,181,243,182
248,181,243,181
249,152,243,182
248,181,243,182
248,181,243,181
248,181,242,181
248,181,242,181
247,181,242,181
247,181,242,181
247,181,242,181
247,181,243,182
247,181,242,181
247,181,242,181
246,181,241,181
246,181,241,181
246,181,241,181
246,181,241,181
246,181,241,180
246,181,240,180
246,181,241,181
245,181,240,181
246,181,240,181
245,181,240,182
245,181,240,181
245,181,240,181
245,181,240,181
245,181,239,181
244,181,240,180
244,180,239,181
244,180,239,180
244,180,239,180
244,181,239,180
244,181,238,180
244,180,238,180
243,180,238,180
243,180,238,180
243,180,238,180
243,180,238,180
243,180,239,181
242,181,238,180
243,180,238,180
242,180,237,180
243,180,237,180
242,180,237,180
242,180,237,180
242,180,237,180
242,180,237,179
241,180,237,180
241,179,236,180
241,180,236,180
241,180,237,180
241,180,236,152
241,180,236,180
241,180,236,180
241,180,235,180
240,180,235,179
240,179,235,180
240,179,235,180
240,180,235,180
240,179,235,180
240,180,235,179
240,179,234,179
240,179,234,179
239,179,234,179
239,180,234,179
239,179,234,179
239,179,234,180
239,179,234,179
239,179,234,179
239,179,234,179
238,179,233,179
238,179,233,179
238,179,233,179
238,179,233,179
238,179,234,179
238,179,232,179
238,179,233,179
238,179,232,179
237,179,232,179
237,179,232,179
238,179,232,180
237,179,232,179
237,179,232,179
237,179,232,179
237,179,231,179
236,179,231,178
236,178,231,179
236,179,231,178
236,178,231,179
236,179,231,179
236,178,231,178
236,178,231,178
235,178,230,178
235,178,230,178
235,178,230,178
235,178,230,179
234,179,230,179
235,178,230,178
235,178,230,178
235,178,229,178
234,178,229,178
234,178,229,178
234,178,229,178
234,178,229,178
234,178,229,178
234,178,229,178
233,178,229,178
233,178,228,178
233,178,228,178
233,178,228,178
233,178,228,178
233,178,228,178
233,178,228,178
233,178,228,178
233,178,227,178
232,178,227,178
232,177,227,178
232,178,227,178
232,178,227,178
232,178,227,178
232,178,227,177
232,177,227,178
232,178,227,178
231,178,226,177
231,178,226,178
231,177,226,177
231,178,226,177
231,177,226,177
231,177,226,177
231,177,226,177
230,177,225,177
230,177,225,177
230,177,225,177
230,177,225,177
230,177,225,177
230,177,225,177
230,177,225,177
230,177,225,177
229,177,224,177
229,177,224,177
229,177,224,177
229,177,224,177
229,177,224,177
229,177,224,177
229,177,224,177
229,177,224,177
228,177,223,177
228,177,223,177
228,177,223,177
228,177,223,177
228,177,223,177
228,177,223,177
228,176,223,176
228,177,223,177
228,177,223,177
227,176,222,176
227,177,222,177
227,176,222,176
227,177,222,176
227,177,222,177
227,176,222,176
227,176,222,176
227,176,222,176
226,176,221,176
226,176,221,176
226,176,221,176
226,176,221,176
226,176,221,176
226,176,221,176
226,176,221,176
226,176,221,176
226,176,221,176
225,176,220,176
225,176,220,176
225,176,220,176
225,176,220,176
225,176,220,176
224,176,221,175
224,176,219,176
224,176,220,176
224,176,219,176
224,176,219,176
224,176,219,176
224,176,219,176
224,176,219,176
224,176,219,176
224,176,219,176
224,176,219,176
223,176,219,176
223,176,218,176
223,176,218,176
223,176,218,176
223,176,218,176
223,176,218,176
223,176,218,176
223,176,218,175
223,176,218,176
222,175,217,175
222,176,217,176
222,176,217,176
222,175,217,176
222,175,217,175
222,175,217,175
222,175,217,175
222,175,217,175
221,175,217,175
221,175,216,175
221,175,216,175
221,175,216,175
221,175,216,175
221,175,216,175
221,175,216,175
221,175,216,175
221,175,216,175
221,175,216,175
220,175,216,175
220,175,215,175
220,175,215,175
220,175,215,175
220,175,215,175
220,175,215,175
219,175,215,175
220,174,215,175
219,175,214,175
219,175,214,175
219,175,214,175
219,175,214,175
219,175,214,175
219,175,214,175
219,175,214,175
219,175,214,174
219,175,214,175
218,175,214,175
218,175,214,175
218,174,213,175
218,175,213,175
218,175,213,175
218,175,213,175
218,174,213,175
218,174,213,174
217,174,213,174
217,174,213,174
217,174,212,174
217,174,212,174
217,174,212,174
217,174,212,174
217,174,212,174
217,174,212,174
217,174,212,174
217,174,212,174
217,174,212,174
216,174,212,174
216,174,211,174
216,174,211,174
216,174,211,174
216,174,211,174
216,174,211,174
216,174,211,174
216,174,211,174
216,174,211,174
216,174,210,174
215,174,210,174
215,174,210,174
215,174,210,174
215,174,210,174
215,174,210,174
215,174,210,174
215,174,210,174
215,174,210,174
214,174,210,174
214,174,210,174
214,174,210,174
214,174,209,174
214,174,209,174
214,174,209,174
214,174,209,174
214,173,209,174
214,174,209,174
214,174,209,173
213,174,209,173
213,173,209,174
213,174,208,174
213,173,208,173
213,173,208,174
213,174,208,173
213,173,208,173
213,173,208,173
213,173,208,173
213,173,208,173
212,173,208,173
212,173,208,173
212,173,207,173
212,173,207,173
212,173,207,173
212,173,207,173
212,173,207,173
212,173,207,173
212,173,207,173
212,173,207,173
212,173,207,173
211,173,207,173
211,173,207,173
211,173,207,173
211,173,207,173
211,173,206,173
211,173,206,173
211,173,206,173
211,173,206,173
211,173,206,173
211,173,206,173
210,173,205,173
210,173,205,173
210,173,205,173
210,173,205,173
210,173,205,173
210,173,205,173
210,173,205,173
210,173,205,173
210,173,205,173
209,173,205,173
209,173,205,173
209,173,205,173
209,173,205,173
209,173,204,173
209,173,204,173
209,173,204,173
209,173,204,173
209,172,204,173
209,173,204,173
209,173,204,173
209,173,204,172
208,173,204,172
208,173,204,173
208,173,204,173
208,172,203,172
208,172,204,172
208,173,203,172
208,172,203,172
208,172,203,172
208,172,203,172
207,172,203,172
207,172,203,172
207,172,203,172
207,172,203,172
207,172,203,172
207,172,203,172
207,172,202,172
207,172,202,172
207,172,202,172
207,172,202,172
207,172,202,172
206,172,202,172
206,172,202,172
206,172,202,172
206,172,202,172
206,172,202,172
206,172,202,172
206,172,201,172
206,172,201,172
206,172,201,172
206,172,201,172
206,172,201,172
206,172,201,172
206,172,201,172
205,172,201,172
205,172,200,172
205,172,200,172
205,172,200,172
205,172,200,172
205,172,200,172
205,172,200,172
205,172,200,172
205,172,200,172
204,172,200,172
205,172,200,172
204,172,200,172
204,172,200,172
204,172,200,172
204,172,200,172
204,172,200,172
204,172,200,172
204,172,199,172
204,171,199,172
204,171,199,172
204,171,199,172
204,172,199,172
204,172,199,172
203,172,199,171
203,172,199,171
203,172,199,171
203,171,199,172
203,171,199,172
203,172,198,171
203,172,198,171
203,171,198,172
203,171,198,172
203,171,198,171
203,171,198,171
202,171,198,172
202,171,198,171
203,171,198,171
202,171,198,171
202,171,198,171
202,171,198,171
202,171,198,171
202,171,198,171
202,171,197,171
202,171,197,171
202,171,197,171
202,171,197,171
202,171,197,171
201,171,197,171
201,171,197,171
201,171,197,171
201,171,197,171
201,171,197,171
201,171,197,171
201,171,196,171
201,171,196,171
201,171,196,171
201,171,196,171
201,171,196,171
201,171,196,171
201,171,196,171
200,171,196,171
200,171,196,171
200,171,196,171
200,171,196,171
200,171,196,171
200,171,196,171
200,171,195,171
200,171,195,171
200,171,195,171
199,171,195,171
199,171,195,171
199,171,195,171
199,171,195,171
199,171,195,171
199,171,195,171
199,171,195,171
199,171,195,171
199,171,194,171
199,171,195,171
199,171,195,171
199,171,194,171
199,171,194,171
199,171,194,171
199,171,194,171
199,171,194,171
198,171,194,171
198,171,194,171
199,171,194,171
198,171,194,170
198,171,194,171
198,171,194,170
198,171,194,171
198,171,194,171
198,171,194,171
198,170,193,171
198,170,193,171
198,170,193,171
198,170,193,171
198,171,193,170
198,171,193,171
197,171,193,171
197,171,193,171
197,170,193,170
197,170,193,170
197,170,193,170
197,170,193,170
197,171,193,170
197,170,193,170
197,170,192,170
197,170,192,171
197,170,192,171
197,170,192,170
197,170,192,170
197,170,192,170
196,170,192,170
197,170,192,170
196,170,192,170
196,170,192,170
196,170,192,170
196,170,192,170
196,170,192,170
196,170,192,170
196,170,192,170
196,170,191,170
196,170,192,170
196,170,191,170
196,170,191,170
195,170,191,170
195,170,191,170
195,170,191,170
195,170,191,170
195,170,191,170
195,170,191,170
195,170,191,170
195,170,191,170
195,170,191,170
195,170,191,170
195,170,191,170
195,170,191,170
195,170,190,170
195,170,190,170
195,170,190,170
195,170,190,170
195,170,190,170
194,170,190,170
194,170,190,170
194,170,190,170
194,170,190,170
194,170,190,170
194,170,190,170
194,170,190,170
194,170,190,170
194,170,190,170
194,170,189,170
194,170,190,170
194,170,190,170
194,170,189,170
194,170,189,170
193,170,189,170
193,170,189,170
193,170,189,170
193,170,189,170
193,170,189,170
193,170,189,170
193,170,189,170
193,170,189,170
193,170,189,170
193,170,189,170
192,170,189,170
193,170,188,170
193,170,188,170
193,170,188,170
193,170,188,170
193,170,188,170
192,170,188,170
192,170,188,170
192,170,188,170
192,170,188,170
192,170,188,170
192,170,188,170
192,170,188,170
192,170,188,170
192,170,188,170
192,170,188,170
192,170,188,170
192,170,188,170
192,170,188,170
192,170,187,170
192,170,188,170
192,170,187,170
192,170,187,170
192,170,187,170
192,170,187,170
191,170,187,170
191,170,187,170
191,170,187,170
191,170,187,170
191,170,187,170
191,170,187,169
191,169,187,169
191,170,187,169
191,170,187,169
191,169,187,169
191,169,187,169
191,169,187,169
191,169,187,170
191,169,186,170
191,169,186,170
191,169,186,170
191,170,186,170
190,170,186,169
190,170,186,169
190,170,186,169
190,169,186,169
190,169,186,170
190,169,186,170
190,169,186,169
190,170,186,169
190,170,186,169
190,169,186,169
190,169,186,169
190,169,186,169
190,169,186,169
190,169,186,169
190,169,186,169
190,169,186,169
190,169,186,169
190,169,185,169
190,169,185,169
190,169,185,169
189,169,185,169
189,169,185,169
189,169,185,169
189,169,185,169
189,169,185,169
189,169,185,169
189,169,185,169
189,169,185,169
189,169,185,169
189,169,185,169
189,169,185,169
189,170,185,169
189,169,185,169
189,169,185,169
189,169,185,169
188,169,185,169
189,169,184,169
189,169,185,169
188,169,184,169
189,169,184,169
188,169,184,169
188,169,184,169
188,169,184,169
188,169,184,169
188,169,184,169
188,169,184,169
188,169,184,169
188,169,184,169
188,169,184,169
188,169,184,169
188,169,184,169
188,169,184,169
188,169,184,169
188,169,184,169
188,169,184,169
188,169,184,169
188,169,184,169
188,169,184,169
188,170,183,169
188,169,183,169
187,170,183,169
187,169,183,169
187,169,183,169
187,169,183,169
187,169,183,169
187,169,183,169
187,169,183,169
187,169,183,169
187,170,183,169
187,169,183,169
187,169,183,169
187,169,183,169
187,169,183,169
187,169,183,169
187,169,183,169
187,169,183,169
187,169,183,169
187,169,183,169
187,169,183,169
187,169,183,169
187,169,182,169
187,169,182,169
186,169,183,169
186,169,182,169
186,169,182,169
186,169,182,169
186,169,182,169
186,169,182,169
186,169,182,169
186,169,182,169
186,169,182,169
186,169,182,169
186,169,182,169
186,169,182,169
186,169,182,169
186,169,182,169
186,169,182,169
186,169,182,169
186,169,182,169
186,169,182,169
186,169,182,169
186,169,182,169
185,169,182,169
186,169,182,169
186,169,182,169
1,169,182,169
185,169,182,1
185,169,181,169
185,169,181,169
185,169,181,169
185,169,181,169
185,169,181,169
185,169,181,169
185,169,181,169
185,169,181,169
185,169,181,169
185,169,181,169
184,169,181,169
185,169,181,169
185,169,180,169
185,169,181,169
185,169,181,169
185,169,181,169
184,169,181,169
184,1,181,169
184,1,180,169
185,169,180,1
184,169,181,169
184,1,181,169
184,169,180,169
184,169,180,1
185,169,180,169
185,169,181,169
184,169,181,169
184,1,181,169
184,169,181,169
184,169,181,169
184,169,180,169
184,169,180,169
184,169,180,169
184,169,180,169
184,169,180,169
1,1,180,169
183,169,180,169
184,169,180,169
184,169,180,169
184,169,179,169
184,169,180,169
184,169,180,169
184,169,180,169
183,169,180,168
183,169,180,168
183,169,180,168
183,1,180,168
184,169,179,169
183,169,179,169
183,169,179,169
184,169,179,1
184,169,180,169
184,169,179,169
184,169,179,169
184,169,179,169
183,169,180,169
183,169,180,169
183,169,180,169
183,169,180,169
184,169,180,169
183,169,179,169
183,169,179,169
183,169,179,169
183,169,179,169
183,168,179,1
182,168,179,169
183,168,179,169
183,168,179,169
183,168,179,169
183,168,179,168
183,168,179,168
183,168,179,168
183,168,178,168
183,168,179,168
183,168,179,168
183,168,179,168
183,169,179,168
183,169,179,168
182,168,179,168
182,169,179,168
182,168,179,168
182,169,179,168
182,169,179,168
182,169,179,169
182,169,178,169
182,169,178,169
182,169,178,169
182,169,178,169
182,169,178,169
182,169,178,169
1,1,178,169
1,1,1,1
1,1,1,1
1,1,1,1
1,1,1,1
1,1,1,1
181,169,1,1
181,169,178,168
181,168,177,168
181,168,177,168
180,169,177,168
181,168,176,169
180,168,176,168
180,168,176,168
180,168,177,169
180,168,176,166
179,168,176,168
179,168,175,168
179,168,175,168
179,167,175,168
181,166,176,166
179,167,175,167
178,166,174,167
180,168,175,167
177,168,176,167
180,168,173,168
177,167,173,168
177,167,173,167
177,167,173,167
177,167,173,167
176,167,173,167
176,167,172,165
176,167,172,167
176,167,172,167
176,166,171,167
176,166,172,166
176,166,172,166
175,167,171,167
174,167,171,166
179,167,170,167
175,166,170,167
174,166,170,166
174,166,170,166
174,166,170,166
174,166,170,166
174,167,170,166
173,167,169,165
173,166,169,166
173,166,169,165
173,166,169,165
172,164,169,165
172,164,169,165
172,166,168,166
171,166,168,166
171,166,167,166
171,165,168,165
171,165,167,165
171,165,167,165
171,165,167,165
171,165,167,165
170,165,166,166
170,165,166,165
170,165,166,165
170,165,166,165
169,165,166,165
169,165,165,165
169,165,165,165
168,165,165,165
168,164,164,164
168,165,164,164
168,165,164,165
169,164,164,165
168,164,164,164
167,165,164,164
168,160,163,165
168,165,163,165
167,164,164,165
166,164,163,164
178,160,162,164
166,160,163,164
167,164,162,164
166,163,162,163
166,164,162,163
166,163,162,164
166,163,162,163
166,163,162,163
165,163,162,163
165,164,161,163
164,163,161,164
164,163,160,163
164,163,160,163
164,163,160,163
164,163,160,163
163,163,160,163
163,163,160,163
163,163,159,163
163,163,159,163
163,163,159,163
163,163,159,163
162,162,159,162
162,162,158,162
162,163,158,163
162,163,158,163
161,162,157,163
161,162,157,162
161,163,157,162
161,162,157,162
160,162,157,162
160,162,157,162
160,162,156,162
160,162,156,162
160,162,156,162
160,162,156,162
160,162,156,162
159,162,155,162
158,162,155,162
158,162,154,162
158,162,155,162
158,162,154,162
159,162,154,162
158,162,154,162
158,161,154,161
157,162,153,162
158,162,153,161
157,158,153,161
156,161,152,161
157,160,153,160
157,160,153,160
156,161,152,160
155,161,152,161
155,161,151,161
155,161,151,161
155,161,151,161
155,161,151,161
155,161,151,160
154,161,151,161
154,160,150,160
154,160,150,160
154,160,150,160
154,160,150,160
154,160,150,160
154,160,150,160
154,160,150,160
153,160,149,160
153,160,149,160
153,160,149,160
152,160,148,160
152,160,148,160
152,159,148,159
152,159,148,159
151,159,147,159
151,159,147,159
151,159,147,159
151,159,147,160
151,159,147,159
150,159,146,159
150,159,146,159
150,159,146,159
150,158,146,158
149,158,146,158
149,159,145,159
149,158,145,158
149,158,145,158
149,158,145,158
148,158,144,158
148,158,144,158
148,158,144,158
148,158,144,158
148,158,144,158
147,158,143,158
147,158,143,158
147,158,143,158
147,158,143,158
146,158,143,157
146,158,142,158
146,158,142,158
146,157,142,157
146,157,142,157
146,157,142,157
145,157,141,157
145,157,141,157
145,157,141,157
145,157,141,157
144,157,141,157
144,157,140,157
144,157,140,157
144,157,140,157
144,157,139,157
143,157,139,157
143,157,139,157
143,157,139,156
143,156,139,156
143,156,139,156
142,156,138,156
142,156,138,156
142,156,138,156
142,156,138,156
141,156,137,156
141,156,137,156
141,156,137,156
141,156,137,156
141,156,137,156
140,156,136,156
140,156,136,156
140,156,136,156
140,155,136,155
140,155,136,155
139,156,135,155
139,155,135,155
139,155,135,155
139,155,135,155
139,155,134,155
138,155,134,155
138,155,134,155
138,155,134,155
138,155,134,155
138,155,133,155
137,155,133,155
137,155,133,155
137,155,133,155
137,154,132,155
137,155,132,154
136,154,132,154
136,154,132,154
136,154,132,154
135,154,131,154
135,154,131,154
135,154,131,154
135,154,131,154
135,154,131,154
135,154,130,154
134,154,130,154
134,154,130,154
134,154,130,154
134,153,130,153
133,153,129,154
133,153,129,154
133,153,128,153
133,153,129,153
132,153,129,154
132,153,128,153
132,153,128,153
132,153,128,153
132,153,128,153
131,153,127,153
131,153,127,153
131,153,127,153
131,152,127,153
131,152,127,153
130,153,126,152
130,153,126,153
130,152,126,152
130,152,126,152
130,152,126,152
129,152,125,152
129,152,125,152
129,152,125,152
129,152,125,152
1,152,124,152
128,152,124,152
128,152,124,152
128,152,124,152
127,152,124,152
128,151,124,151
128,151,123,152
127,152,123,151
127,151,123,151
127,151,123,151
127,152,122,151
126,151,122,151
126,151,122,151
126,151,121,152
126,151,121,151
125,151,121,151
125,151,121,151
126,152,121,151
125,151,121,151
1,1,120,1
124,151,120,151
124,151,120,150
124,150,120,150
124,150,120,150
123,151,120,151
123,150,119,151
124,151,118,150
122,151,119,150
123,151,118,150
122,150,118,150
122,150,118,150
122,150,118,150
122,150,118,150
122,150,117,150
121,150,117,150
121,150,117,150
121,149,117,150
121,149,117,150
121,149,116,149
120,149,116,150
120,149,116,149
120,149,116,149
120,149,115,149
119,149,115,149
119,149,115,149
119,149,115,149
119,149,114,149
119,149,114,149
118,149,114,149
118,149,114,149
118,149,114,149
118,148,114,149
118,149,113,149
117,149,113,149
117,148,113,148
117,148,113,148
117,148,112,148
116,148,112,148
116,148,112,148
116,148,112,148
116,148,111,148
116,148,111,148
115,148,111,148
115,148,111,148
115,148,111,148
114,148,110,148
114,148,110,148
114,148,110,148
114,148,110,147
114,147,110,147
114,147,109,147
113,147,109,147
113,147,109,147
113,147,109,147
113,147,108,147
113,148,108,147
112,147,108,147
112,147,108,147
112,147,108,147
112,147,107,147
112,147,107,147
111,147,107,147
111,147,107,146
111,146,107,146
111,146,106,146
110,146,106,146
110,146,106,146
110,146,106,146
110,146,106,147
109,146,105,146
109,146,105,146
109,146,105,146
109,146,105,146
109,146,105,146
109,146,104,146
108,146,104,146
108,146,104,146
108,145,104,145
108,145,104,146
108,145,103,146
107,145,103,145
107,145,103,145
107,145,102,146
107,145,102,145
106,145,102,145
106,145,102,145
106,145,102,145
106,145,102,145
105,145,101,145
105,145,101,145
105,145,101,145
105,145,100,145
105,144,100,145
105,145,100,145
104,144,100,144
104,144,100,144
104,144,100,144
103,145,99,144
103,144,99,144
103,144,99,144
103,144,99,144
103,144,98,144
102,144,98,144
102,144,98,144
102,144,98,144
102,144,98,144
102,144,97,144
101,143,97,144
101,143,97,143
101,144,97,143
101,143,97,143
101,143,96,143
100,143,96,143
100,143,96,143
100,143,96,143
100,143,96,144
100,143,95,143
99,143,95,143
99,143,95,143
99,143,95,143
99,143,95,143
99,143,94,143
98,143,94,143
98,143,94,142
98,142,93,143
98,142,94,142
98,143,93,142
97,142,93,142
97,142,93,142
97,142,92,143
96,142,92,142
96,142,92,142
96,142,92,142
96,142,92,142
96,142,92,142
95,142,91,142
95,142,91,142
95,142,91,141
95,142,91,141
95,142,90,142
94,141,90,142
94,141,90,141
94,141,90,141
93,142,90,141
94,141,89,141
93,141,89,141
93,141,89,141
93,141,89,141
93,141,89,142
93,141,88,141
92,141,88,141
92,141,88,141
92,141,88,141
92,140,87,141
91,141,87,141
91,141,87,141
91,141,87,140
91,140,87,140
91,140,86,140
91,140,86,140
90,140,86,140
90,140,86,140
90,140,86,140
90,140,85,140
89,140,85,140
89,140,85,140
89,140,85,140
89,140,84,140
88,140,84,140
88,139,84,140
88,140,84,139
88,139,84,139
88,139,84,139
88,139,83,139
87,139,83,139
87,139,83,139
87,139,83,139
87,139,82,139
87,140,82,139
86,139,82,139
86,139,82,139
86,139,82,139
86,139,81,139
86,139,81,139
85,139,81,138
85,139,81,139
85,138,81,138
84,138,81,139
85,139,81,138
85,139,79,139
84,139,80,138
83,139,79,139
83,139,80,139
84,139,79,138
83,138,79,138
84,139,78,139
83,138,78,139
83,138,78,138
83,139,78,138
83,138,78,139
83,138,77,137
82,138,78,137
81,138,78,137
81,138,77,137
82,138,76,137
80,138,76,138
1,138,76,138
81,137,77,138
81,138,76,137
1,137,75,138
80,137,76,138
79,138,75,137
80,137,75,137
79,137,75,138
79,137,75,137
80,137,75,137
78,136,74,137
79,136,74,137
79,136,74,136
78,136,74,137
78,136,73,136
77,136,74,137
78,137,74,137
78,137,74,137
77,136,73,137
77,137,72,136
77,137,72,136
76,137,72,136
76,136,72,136
76,136,72,136
76,136,71,136
76,136,71,136
75,136,70,135
75,135,71,135
75,135,71,135
75,135,71,135
74,136,71,136
75,136,71,136
75,136,70,135
75,136,69,136
73,135,70,136
73,135,69,135
73,135,69,135
73,135,68,135
73,135,69,135
73,135,68,135
72,136,68,135
72,135,68,135
72,135,68,135
72,135,67,135
72,135,67,135
71,135,67,135
71,134,67,134
71,134,67,134
71,134,67,134
71,134,66,134
70,134,66,134
70,134,66,134
70,134,66,134
70,134,66,134
70,134,65,134
69,134,65,134
69,134,65,134
69,134,65,134
69,134,65,134
69,134,64,134
68,134,64,134
68,134,64,133
68,134,64,134
68,133,63,134
68,133,63,133
67,133,63,133
67,133,63,133
67,133,63,133
67,133,62,133
67,133,62,133
66,133,62,133
66,133,62,133
66,133,62,133
66,133,62,133
66,133,61,133
65,133,61,133
65,133,61,133
65,133,60,133
65,133,61,133
65,133,60,132
64,133,60,133
64,132,60,132
64,132,60,132
64,132,59,132
63,132,59,132
63,132,59,132
63,132,59,132
63,132,59,132
63,132,58,132
63,132,58,132
62,132,58,132
62,132,58,132
62,132,58,132
62,132,57,132
62,132,57,132
62,132,57,132
61,131,57,131
61,132,57,131
61,131,56,131
61,131,56,131
60,131,56,131
60,131,56,131
60,131,56,131
60,131,55,131
60,131,55,131
59,131,55,131
59,131,55,131
59,131,55,131
59,131,54,131
59,131,54,131
59,131,54,131
58,131,54,131
58,131,54,131
58,130,54,131
58,130,53,130
57,130,53,130
57,130,53,130
57,130,53,130
57,130,52,130
57,130,52,130
57,130,52,130
56,130,52,130
56,130,52,130
56,130,52,130
56,130,51,130
56,130,51,130
55,130,51,130
55,130,51,130
55,130,50,130
55,130,50,129
55,130,50,130
54,129,50,129
54,129,50,129
54,129,50,130
54,129,49,129
54,129,49,129
53,129,49,129
53,129,49,129
53,129,49,129
53,129,48,129
53,129,48,129
52,129,48,129
52,129,48,129
52,129,47,129
52,129,47,129
51,129,47,129
52,129,47,129
51,128,47,128
51,129,47,129
51,128,46,129
51,128,46,128
50,128,46,128
50,128,46,128
50,128,46,128
50,128,45,128
50,128,45,128
49,128,45,128
49,128,45,128
49,128,45,128
49,128,45,128
48,128,44,128
48,128,44,128
48,128,44,128
48,128,44,128
48,128,44,128
48,127,43,128
48,128,43,127
47,128,43,127
47,127,43,127
47,127,43,127
47,127,42,127
47,127,42,127
46,127,42,127
46,127,42,127
46,127,42,127
46,127,41,127
45,127,41,127
45,127,41,127
45,127,41,127
45,127,41,127
45,127,40,127
45,127,40,127
44,127,40,127
44,127,40,127
44,126,40,126
44,126,39,127
44,126,39,126
44,126,39,126
43,126,39,126
43,126,39,126
43,126,39,126
43,126,38,126
42,126,38,126
43,126,38,126
42,126,38,126
42,126,37,126
42,126,37,126
41,126,37,126
41,126,37,126
41,126,37,126
41,126,37,126
41,125,36,126
41,125,36,126
41,125,36,125
40,125,36,125
40,125,36,125
40,125,36,125
40,125,35,125
40,125,35,125
39,125,35,125
39,125,35,125
39,125,35,125
39,125,35,125
38,125,34,125
38,125,34,125
38,125,34,125
38,125,34,125
38,125,34,125
38,124,34,125
38,125,33,124
38,125,33,125
37,124,33,124
37,124,33,124
37,124,32,124
37,124,32,124
36,124,32,124
36,124,32,124
36,124,32,124
36,124,31,124
36,124,31,124
35,124,31,124
35,124,31,124
35,124,31,124
35,124,30,124
35,124,30,124
35,124,30,124
35,124,30,124
34,124,30,124
34,123,30,123
34,124,29,124
34,124,29,123
34,123,29,123
33,123,29,123
33,123,29,123
33,123,29,123
33,123,28,123
33,123,28,123
32,123,28,123
32,123,28,123
32,123,27,123
32,123,27,123
32,123,27,123
31,123,27,123
31,123,27,123
31,123,27,123
31,123,27,123
31,122,26,123
31,122,26,123
31,123,26,122
30,122,26,122
30,122,26,122
30,122,26,122
30,122,25,122
30,122,25,122
29,122,25,122
29,122,25,122
29,122,25,122
29,122,24,122
29,122,24,122
28,122,24,122
28,122,24,122
28,122,24,122
28,122,24,122
28,122,24,122
28,122,23,122
27,122,23,122
27,122,23,121
27,121,23,121
27,121,23,121
27,121,22,121
27,121,22,121
27,121,22,121
26,121,22,121
26,121,22,121
26,121,21,121
26,121,21,121
26,122,21,121
25,121,21,121
25,121,21,121
25,121,21,121
24,121,20,121
25,120,20,121
25,120,20,121
25,121,20,120
24,120,20,120
24,121,20,120
25,121,20,120
24,120,19,120
24,120,19,120
23,121,20,121
23,120,20,120
23,120,18,121
23,120,18,120
23,120,18,120
23,120,18,120
22,120,18,120
22,120,18,120
22,120,18,120
22,120,17,120
22,120,17,120
21,120,17,120
21,120,17,120
21,120,17,120
21,120,17,120
21,119,17,120
21,119,16,120
21,120,16,120
20,119,16,119
20,119,16,119
20,119,16,119
21,120,15,119
20,119,15,119
19,119,15,119
19,119,15,119
19,119,15,119
19,119,14,119
19,119,14,119
19,119,14,119
18,119,14,119
18,119,14,119
18,119,14,119
18,119,13,119
18,119,13,119
18,119,13,119
17,119,13,119
18,119,13,118
17,119,13,119
17,119,13,119
17,118,12,118
17,118,12,118
16,119,12,118
16,118,12,118
16,118,12,118
16,118,11,118
16,118,11,118
16,118,11,118
15,118,11,118
15,118,11,118
15,118,11,118
15,118,10,118
15,118,10,118
15,118,10,118
15,118,10,118
14,118,10,118
14,118,10,118
14,118,10,118
14,118,10,118
14,118,9,117
14,118,9,118
13,118,9,117
13,117,9,117
13,117,9,117
13,117,9,117
13,117,8,117
13,117,8,117
12,117,8,117
12,117,7,117
12,117,8,117
12,117,7,117
12,117,7,117
12,117,7,117
11,117,7,117
12,118,7,117
11,117,7,117
11,117,6,117
11,117,6,117
11,117,6,117
11,117,6,117
11,117,6,117
10,116,6,116
10,117,6,117
10,116,5,117
10,116,5,116
10,116,5,116
10,116,6,116
9,116,5,116
9,116,5,116
9,116,4,116
9,116,4,116
9,116,4,116
8,116,4,116
8,116,4,116
8,116,4,116
8,116,3,116
8,116,3,116
8,116,3,116
8,116,3,116
7,116,3,116
7,116,3,116
7,116,3,116
7,116,2,116
7,116,2,116
7,116,2,116
7,115,2,116
6,115,2,116
6,115,2,116
6,115,2,116
6,115,1,116
6,115,1,115
5,115,1,115
5,115,1,115
5,115,1,115
5,115,1,115
5,115,1,115
5,115,1,115
5,115,1,115
5,115,1,115
4,115,1,115
4,115,1,115
4,115,1,115
4,115,1,1
4,115,1,1
4,115,1,1
3,115,1,1
3,115,1,1
3,115,1,1
3,115,1,1
3,115,1,1
3,115,1,1
3,115,1,1
2,114,1,1
2,114,1,1
2,114,1,1
2,114,1,1
2,114,1,1
2,114,1,1
2,114,1,1
1,114,1,1
1,114,1,1
1,114,1,1
1,114,1,1
1,114,1,1
1,114,1,1
1,115,1,1
1,114,1,1
1,114,1,1
1,114,1,1
1,114,1,1
1,114,1,1
1,114,1,1
1,1,1,1
1,1,1,1
1,1,1,1
1,1,1,1
1,1,1,1
1,1,1,1
1,1,1,1
1,1,1,1
1,1,1,1
1,1,1,1
1,1,1,1
1,1,1,1
1,1,1,1
1,1,1,1
1,1,1,1
1,1,1,1
1,1,1,1
1,1,1,1
1,1,1,1
1,1,1,1
1,1,1,1
1,1,1,1
1,1,1,1
1,1,1,1
1,1,1,1
1,1,1,1
1,1,1,1
1,1,1,1
1,1,1,1
1,1,1,1
1,1,1,1
1,1,1,1
1,1,1,1
1,1,1,1
1,1,1,1
1,1,1,1
1,1,1,1
1,1,1,1
1,1,1,1
1,1,1,1
1,1,1,1
1,1,1,1
1,1,1,1
1,1,1,1
1,1,1,1
1,1,1,1
1,1,1,1
1,1,1,1
1,1,1,1
1,1,1,1
1,1,1,1
1,1,1,1
1,1,1,1
1,1,1,1
1,1,1,1
1,1,1,1
1,1,1,1
1,1,1,1
1,1,1,1
1,1,1,1
1,1,1,1
1,1,1,1
1,1,1,1
1,1,1,1
1,1,1,1
1,1,1,1
1,1,1,1
1,1,1,1
1,1,1,1
1,1,1,1
1,1,1,1
1,1,1,1
1,1,1,1
1,1,1,1
1,1,1,1
1,1,1,1
1,1,1,1
1,1,1,1
1,1,1,1
1,1,1,1
1,1,1,1
1,1,1,1
1,1,1,1
1,1,1,1
1,1,1,1
1,1,1,1
1,1,1,1
1,1,1,1
1,1,1,1
1,1,1,1
1,1,1,1
1,1,1,1
1,1,1,1
1,1,1,1
1,1,1,1
1,1,1,1
1,1,1,1
1,1,1,1
1,1,1,1
1,1,1,1
1,1,1,1
1,1,1,1
1,1,1,1
1,1,1,1
1,1,1,1
1,1,1,1
1,1,1,1
1,1,1,1
1,1,1,1
1,1,1,1
1,1,1,1
1,1,1,1
1,1,1,1
1,1,1,1
1,1,1,1
1,1,1,1
1,1,1,1
1,1,1,1
1,1,1,1
1,1,1,1
1,1,1,1
1,1,1,1
1,1,1,1
1,1,1,1
1,1,1,1
1,1,1,1
1,1,1,1
1,1,1,1
1,1,1,1
1,1,1,1
1,1,1,1
1,1,1,1
1,1,1,1
1,1,1,1
1,1,1,1
1,1,1,1
1,1,1,1
1,1,1,1
1,1,1,1
1,1,1,1
1,1,1,1
1,1,1,1
1,1,1,1
1,1,1,1
1,1,1,1
1,1,1,1
1,1,1,1
1,1,1,1
1,1,1,1
1,1,1,1
1,1,1,1
1,1,1,1
1,1,1,1
1,1,1,1
1,1,1,1
1,1,1,1
1,1,1,1
1,1,1,1
1,1,1,1
1,1,1,1
1,1,1,1
1,1,1,1
1,1,1,1
1,1,1,1
1,1,1,1
1,1,1,1
1,1,1,1
1,1,1,1
1,1,1,1
1,1,1,1
1,1,1,1
1,1,1,1
1,1,1,1
1,1,1,1
1,1,1,1
1,1,1,1
1,1,1,1
1,1,1,1
1,1,1,1
1,1,1,1
1,1,1,1
1,1,1,1
1,1,1,1
1,1,1,1
1,1,1,1
1,1,1,1
1,1,1,1
1,1,1,1
1,1,1,1
1,1,1,1
1,1,1,1
1,1,1,1
1,1,1,1
1,1,1,1
1,1,1,1
1,1,1,1
1,1,1,1
1,1,1,1
1,1,1,1
1,1,1,1
1,1,1,1
1,1,1,1
1,1,1,1
1,1,1,1
1,1,1,1
1,1,1,1
1,1,1,1
1,1,1,1
1,1,1,1
1,1,1,1
1,1,1,1
1,1,1,1
1,1,1,1
1,1,1,1
1,1,1,1
1,1,1,1
1,1,1,1
1,1,1,1
1,1,1,1
1,1,1,1
1,1,1,1
1,1,1,1
1,1,1,1
1,1,1,1
1,1,1,1
1,1,1,1
1,1,1,1
1,1,1,1
1,1,1,1
1,1,1,1
1,1,1,1
1,1,1,1
1,1,1,1
1,1,1,1
1,1,1,1
1,1,1,1
1,1,1,1
1,1,1,1
1,1,1,1
1,1,1,1
1,1,1,1
1,1,1,1
1,1,1,1
1,1,1,1
1,1,1,1
1,1,1,1
1,1,1,1
1,1,1,1
1,1,1,1
1,1,1,1
1,1,1,1
1,1,1,1
1,1,1,1
1,1,1,1
1,1,1,1
1,1,1,1
1,1,1,1
1,1,1,1
1,1,1,1
1,1,1,1
1,1,1,1
1,1,1,1
1,1,1,1
1,1,1,1
1,1,1,1
1,1,1,1
1,1,1,1
1,1,1,1
1,1,1,1
1,1,1,1
1,1,1,1
1,1,1,1
1,1,1,1
1,1,1,1
1,1,1,1
1,1,1,1
1,1,1,1
1,1,1,1
1,1,1,1
1,1,1,1
1,1,1,1
1,1,1,1
1,1,1,1
1,1,1,1
1,1,1,1
1,1,1,1
1,1,1,1
1,1,1,1
1,1,1,1
1,1,1,1
1,1,1,1
1,1,1,1
1,1,1,1
1,1,1,1
1,1,1,1
1,1,1,1
1,1,1,1
1,1,1,1
1,1,1,1
1,1,1,1
1,1,1,1
1,1,1,1
1,1,1,1
1,1,1,1
1,1,1,1
1,1,1,1
1,1,1,1
1,1,1,1
1,1,1,1
1,1,1,1
1,1,1,1
1,1,1,1
1,1,1,1
1,1,1,1
1,1,1,1
1,1,1,1
1,1,1,1
1,1,1,1
1,1,1,1
1,1,1,1
1,1,1,1
1,1,1,1
1,1,1,1
1,1,1,1
1,1,1,1
1,1,1,1
1,1,1,1
1,1,1,1
1,1,1,1
1,1,1,1
1,1,1,1
1,1,1,1
1,1,1,1
1,1,1,1
1,1,1,1
1,1,1,1
1,1,1,1
1,1,1,1
1,1,1,1
1,1,1,1
1,1,1,1
1,1,1,1
1,1,1,1
1,1,1,1
1,1,1,1
1,1,1,1
1,1,1,1
1,1,1,1
1,1,1,1
1,1,1,1
1,1,1,1
1,1,1,1
1,1,1,1
1,1,1,1
1,1,1,1
1,1,1,1
1,1,1,1
1,1,1,1
1,1,1,1
1,1,1,1
1,1,1,1
1,1,1,1
1,1,1,1
1,1,1,1
1,1,1,1
1,1,1,1
1,1,1,1
1,1,1,1
1,1,1,1
1,1,1,1
1,1,1,1
1,1,1,1
1,1,1,1
1,1,1,1
1,1,1,1
1,1,1,1
1,1,1,1
1,1,1,1
1,1,1,1
1,1,1,1
1,1,1,1
1,1,1,1
1,1,1,1
1,1,1,1
1,1,1,1
1,1,1,1
1,1,1,1
1,1,1,1
1,1,1,1
1,1,1,1
1,1,1,1
1,1,1,1
1,1,1,1
1,1,1,1
1,1,1,1
1,1,1,1
1,1,1,1
1,1,1,1
1,1,1,1
1,1,1,1
1,1,1,1
1,1,1,1
1,1,1,1
1,1,1,1
1,1,1,1
1,1,1,1
1,1,1,1
1,1,1,1
1,1,1,1
1,1,1,1
1,1,1,1
1,1,1,1
1,1,1,1
1,1,1,1
1,1,1,1
1,1,1,1
1,1,1,1
1,1,1,1
1,1,1,1
1,1,1,1
1,1,1,1
1,1,1,1
1,1,1,1
1,1,1,1
1,1,1,1
1,1,1,1
1,1,1,1
1,1,1,1
1,1,1,1
1,1,1,1
1,1,1,1
1,1,1,1
1,1,1,1
1,1,1,1
1,1,1,1
1,1,1,1
1,1,1,1
1,1,1,1
1,1,1,1
1,1,1,1
1,1,1,1
1,1,1,1
1,1,1,1
1,1,1,1
1,1,1,1
1,1,1,1
1,1,1,1
1,1,1,1
1,1,1,1
1,1,1,1
1,1,1,1
1,1,1,1
1,1,1,1
1,1,1,1
1,1,1,1
1,1,1,1
1,1,1,1
1,1,1,1
1,1,1,1
1,1,1,1
1,1,1,1
1,1,1,1
1,1,1,1
1,1,1,1
1,1,1,1
1,1,1,1
1,1,1,1
1,1,1,1
1,1,1,1
1,1,1,1
1,1,1,1
1,1,1,1
1,1,1,1
1,1,1,1
1,1,1,1
1,1,1,1
1,1,1,1
1,1,1,1
1,1,1,1
1,1,1,1
1,1,1,1
1,1,1,1
1,1,1,1
1,1,1,1
1,1,1,1
1,1,1,1
1,1,1,1
1,1,1,1
1,1,1,1
1,1,1,1
1,1,1,1
1,1,1,1
1,1,1,1
1,1,1,1
1,1,1,1
1,1,1,1
1,1,1,1
1,1,1,1
1,1,1,1
1,1,1,1
1,1,1,1
1,1,1,1
1,1,1,1
1,1,1,1
1,1,1,1
1,1,1,1
1,1,1,1
1,1,1,1
1,1,1,1
1,1,1,1
1,1,1,1
1,1,1,1
1,1,1,1
1,1,1,1
1,1,1,1
1,1,1,1
1,1,1,1
1,1,1,1
1,1,1,1
1,1,1,1
1,1,1,1
1,1,1,1
1,1,1,1
1,1,1,1
1,1,1,1
1,1,1,1
1,1,1,1
1,1,1,1
1,1,1,1
1,1,1,1
1,1,1,1
1,1,1,1
1,1,1,1
1,1,1,1
1,1,1,1
1,1,1,1
1,1,1,1
1,1,1,1
1,1,1,1
1,1,1,1
1,1,1,1
1,1,1,1
1,1,1,1
1,1,1,1
1,1,1,1
1,1,1,1
1,1,1,1
1,1,1,1
1,1,1,1
1,1,1,1
1,1,1,1
1,1,1,1
1,1,1,1
1,1,1,1
1,1,1,1
1,1,1,1
1,1,1,1
1,1,1,1
1,1,1,1
1,1,1,1
1,1,1,1
1,1,1,1
1,1,1,1
1,1,1,1
1,1,1,1
1,1,1,1
1,1,1,1
1,1,1,1
1,1,1,1
1,1,1,1
1,1,1,1
1,1,1,1
1,1,1,1
1,1,1,1
1,1,1,1
1,1,1,1
1,1,1,1
1,1,1,1
1,1,1,1
1,1,1,1
1,1,1,1
1,1,1,1
1,1,1,1
1,1,1,1
1,1,1,1
1,1,1,1
1,1,1,1
1,1,1,1
1,1,1,1
1,1,1,1
1,1,1,1
1,1,1,1
1,1,1,1
1,1,1,1
1,1,1,1
1,1,1,1
1,1,1,1
1,1,1,1
1,1,1,1
1,1,1,1
1,1,1,1
1,1,1,1
1,1,1,1
1,1,1,1
1,1,1,1
1,1,1,1
1,1,1,1
1,1,1,1
1,1,1,1
1,1,1,1
1,1,1,1
1,1,1,1
1,1,1,1
1,1,1,1
1,1,1,1
1,1,1,1
1,1,1,1
1,1,1,1
1,1,1,1
1,1,1,1
1,1,1,1
1,1,1,1
1,1,1,1
1,1,1,1
1,1,1,1
1,1,1,1
1,1,1,1
1,1,1,1
1,1,1,1
1,1,1,1
1,1,1,1
1,1,1,1
1,1,1,1
1,1,1,1
1,1,1,1
1,1,1,1
1,1,1,1
1,1,1,1
1,1,1,1
1,1,1,1
1,1,1,1
1,1,1,1
1,1,1,1
1,1,1,1
1,1,1,1
1,1,1,1
1,1,1,1
1,1,1,1
1,1,1,1
1,1,1,1
1,1,1,1
1,1,1,1
1,1,1,1
1,1,1,1
1,1,1,1
1,1,1,1
1,1,1,1
1,1,1,1
1,1,1,1
1,1,1,1
1,1,1,1
1,1,1,1
1,1,1,1
1,1,1,1
1,1,1,1
1,1,1,1
1,1,1,1
1,1,1,1
1,1,1,1
1,1,1,1
1,1,1,1
1,1,1,1
1,1,1,1
1,1,1,1
1,1,1,1
1,1,1,1
1,1,1,1
1,1,1,1
1,1,1,1
1,1,1,1
1,1,1,1
1,1,1,1
1,1,1,1
1,1,1,1
1,1,1,1
1,1,1,1
1,1,1,1
1,1,1,1
1,1,1,1
1,1,1,1
1,1,1,1
1,1,1,1
1,1,1,1
1,1,1,1
1,1,1,1
1,1,1,1
1,1,1,1
1,1,1,1
1,1,1,1
1,1,1,1
1,1,1,1
1,1,1,1
1,1,1,1
1,1,1,1
1,1,1,1
1,1,1,1
1,1,1,1
1,1,1,1
1,1,1,1
1,1,1,1
1,1,1,1
1,1,1,1
1,1,1,1
1,1,1,1
1,1,1,1
1,1,1,1
1,1,1,1
1,1,1,1
1,1,1,1
1,1,1,1
1,1,1,1
1,1,1,1
1,1,1,1
1,1,1,1
1,1,1,1
1,1,1,1
1,1,1,1
1,1,1,1
1,1,1,1
1,1,1,1
1,1,1,1
1,1,1,1
1,1,1,1
1,1,1,1
1,1,1,1
1,1,1,1
1,1,1,1
1,1,1,1
1,1,1,1
1,1,1,1
1,1,1,1
1,1,1,1
1,1,1,1
1,1,1,1
1,1,1,1
1,1,1,1
1,1,1,1
1,1,1,1
1,1,1,1
1,1,1,1
1,1,1,1
1,1,1,1
1,1,1,1
1,1,1,1
1,1,1,1
1,1,1,1
1,1,1,1
1,1,1,1
1,1,1,1
1,1,1,1
1,1,1,1
1,1,1,1
1,1,1,1
1,1,1,1
1,1,1,1
1,1,1,1
1,1,1,1
1,1,1,1
1,1,1,1
1,1,1,1
1,1,1,1
1,1,1,1
1,1,1,1
1,1,1,1
1,1,1,1
1,1,1,1
1,1,1,1
1,1,1,1
1,1,1,1
1,1,1,1
1,1,1,1
1,1,1,1
1,1,1,1
1,1,1,1
1,1,1,1
1,1,1,1
1,1,1,1
1,1,1,1
1,1,1,1
1,1,1,1
1,1,1,1
1,1,1,1
1,1,1,1
1,1,1,1
1,1,1,1
